"RegionName","City","State","Metro","CountyName","SizeRank","2011-01","2011-02","2011-03","2011-04","2011-05","2011-06","2011-07","2011-08","2011-09","2011-10","2011-11","2011-12","2012-01","2012-02","2012-03","2012-04","2012-05","2012-06","2012-07","2012-08","2012-09","2012-10","2012-11","2012-12","2013-01","2013-02","2013-03","2013-04","2013-05","2013-06","2013-07","2013-08","2013-09","2013-10","2013-11","2013-12","2014-01","2014-02","2014-03","2014-04","2014-05","2014-06","2014-07","2014-08","2014-09","2014-10","2014-11","2014-12","2015-01","2015-02","2015-03","2015-04","2015-05","2015-06","2015-07","2015-08","2015-09","2015-10","2015-11","2015-12","2016-01","2016-02","2016-03","2016-04","2016-05","2016-06","2016-07","2016-08","2016-09","2016-10","2016-11","2016-12","2017-01","2017-02","2017-03","2017-04","2017-05","2017-06","2017-07","2017-08","2017-09","2017-10","2017-11","2017-12","2018-01","2018-02","2018-03","2018-04","2018-05","2018-06","2018-07","2018-08","2018-09","2018-10","2018-11","2018-12","2019-01","2019-02","2019-03","2019-04","2019-05","2019-06","2019-07","2019-08","2019-09"
"60657","Chicago","IL","Chicago-Naperville-Elgin","Cook County",1,,,,,,,,,,,,,,,,,,,,,,,,,,,,,,,,,,,,,,,,,,,,,,,,,,,,,,,,,,,,,,,,,,,,,,,,,1.55076075942407,1.57213114754098,1.58823529411765,1.68825910931174,1.69230769230769,1.8,1.72536202735318,1.67401129943503,1.6975,1.70731707317073,1.77983969934039,1.77219482114399,1.77219482114399,1.8,1.86,1.8,1.85092592592593,1.90166666666667,1.88984881209503,1.76470588235294,1.77777777777778,1.65625,1.6,1.6109375,1.7220019587714,1.76106194690265,1.77210773089085,1.78472222222222,1.84313186813187,1.90949557421698,1.8975,1.70483870967742,1.89611842105263
"77494","Katy","TX","Houston-The Woodlands-Sugar Land","Harris County",2,,,,,,,,,,,0.799031476997579,0.787853250873225,0.796927938129104,0.814203768444466,0.81453634085213,0.870891749023213,0.867609254498715,0.858456423171224,0.830677940803838,0.802811794276548,0.799824196236804,0.801068090787717,0.830234333133049,0.837983760324343,0.829056454796684,0.888236917050629,0.897097625329815,0.874906924795235,0.85808078375915,0.859306728808622,0.865998176845943,0.882436855266356,0.88785046728972,0.882809069416121,0.887311446317657,0.887796481614585,0.88137163370027,0.878243512974052,0.882240122746452,0.894854586129754,0.903604058950904,0.919842312746386,0.902602854743913,0.89748076036933,0.890150318517958,0.865185950413223,0.857441140424846,0.878647214854111,0.878284422475442,0.872405470524231,0.891136801541426,0.897908979089791,0.882894553055296,0.891224862888483,0.886192874275374,0.867052023121387,0.865261423717933,0.85508752053606,0.874769797421731,0.871839581517001,0.857051159035714,0.853617527826082,0.85999312005504,0.851098720892096,0.839741442607022,0.851900393184797,0.846598820832243,0.828281620588232,0.815128790348875,0.782489430846937,0.794701986754967,0.784873349982162,0.784933459715551,0.802103662506524,0.791033134223137,0.788804071246819,0.817661488143908,0.83990904013831,0.820419325432999,0.812411083421653,0.819760028697678,0.825423029302518,0.841810647422508,0.856241550247859,0.834946757018393,0.845864661654135,0.842552736445964,0.849337834548187,0.859310910582445,0.84515189574088,0.833965125094769,0.818639798488665,0.818619582664527,0.814736096351399,0.820903827811704,0.831820931639443,0.831443688586546,0.83391284191006,0.831545972149178,0.833333333333333,0.832851198223893,0.839487106983219,0.831873905429072,0.828372600445199,0.820152314001172
"60614","Chicago","IL","Chicago-Naperville-Elgin","Cook County",3,,,,,,,,,,,,,,,,,,,,,,,,,,,,,,,,,,,,,,,,,,,,,,,,,,,,,,,,,,,,,,,,,,,,,,,,,,,2,2.11764705882353,2.15933333333333,2.15,2.045,1.88888888888889,1.88888888888889,1.76470588235294,1.88888888888889,1.77083333333333,1.73913043478261,1.77083333333333,2,2.125,2.165625,2.07307692307692,1.92724358974359,1.86604361370717,1.86635514018692,1.75080128205128,1.95,2.16333333333333,2.21944444444444,2.16666666666667,2.10113636363636,2.10810810810811,2.15625,2.11111111111111,1.99666666666667,1.97986348122867,1.999
"77449","Katy","TX","Houston-The Woodlands-Sugar Land","Harris County",4,,,,,,,,,,,0.59756688277815,0.633971291866029,0.627853881278539,0.617529880478088,0.627853881278539,0.618792378288999,0.610902255639098,0.617750882501261,0.643004115226337,0.610902255639098,0.610032024505709,0.604297224709042,0.617283950617284,0.612244897959184,0.618485863112807,0.612959719789842,0.614409036184375,0.620304429317305,0.641319285387082,0.648500027921849,0.651302605210421,0.635941541803333,0.648252730806585,0.620963735717834,0.615893447714055,0.620664476086163,0.626849112426035,0.636023737237416,0.644850701318233,0.655178868820925,0.689479779641918,0.703828828828829,0.703720142932472,0.708888888888889,0.703957382039574,0.721276595744681,0.717781155015198,0.708366219415943,0.710659898477157,0.751133786848073,0.720260223048327,0.716180371352785,0.703957382039574,0.756654677405983,0.735294117647059,0.740043057050592,0.696869321709496,0.708745092207594,0.731215330307615,0.719581334496293,0.738760620475079,0.747915644923982,0.753539865263743,0.729977116704805,0.736607142857143,0.745313664289583,0.692964435084113,0.706773905358412,0.708019270310705,0.728633320204805,0.718020451102863,0.728298185384993,0.728298185384993,0.728298185384993,0.732012063765618,0.733207190160833,0.728298185384993,0.726600985221675,0.743348982785602,0.723366944322665,0.709651510576869,0.720949957591179,0.728551737417285,0.747915644923982,0.748502994011976,0.747915644923982,0.762873911397198,0.750759832662078,0.744036422341817,0.738683127572016,0.735631167545008,0.734760282678326,0.74772506022506,0.735623250858669,0.751515055463987,0.760459022318605,0.756776432519827,0.769230769230769,0.791457286432161,0.791457286432161,0.793040535046349,0.804044294655753,0.776699029126214,0.77506899724011,0.776086852003588
"77084","Houston","TX","Houston-The Woodlands-Sugar Land","Harris County",5,,,,,,,,,,,,,,,,,,,,,,,,,,,,,,,0.645638722529467,0.639225442442533,0.663963989281475,0.657155136850652,0.630693763139453,0.663632916192643,0.66649387745116,0.663632916192643,0.662715590912387,0.663632916192643,0.662251655629139,0.665443629086057,0.677080792476353,0.681431005110733,0.673885052746601,0.677290836653386,0.696022727272727,0.683890577507599,0.678866587957497,0.650630914826498,0.675427512921288,0.696022727272727,0.72400724971889,0.717821865538691,0.717131474103586,0.696692483892561,0.696022727272727,0.684531875407676,0.688976377952756,0.695548489666137,0.667372881355932,0.673036852804118,0.676246830092984,0.690349293563579,0.679824561403509,0.690628815628816,0.679510971736356,0.688775510204082,0.691402447503824,0.683624932650639,0.696443419385493,0.688838029319022,0.654450261780105,0.682182985553772,0.689501779359431,0.671089005710142,0.695825049701789,0.695923888487258,0.701754385964912,0.692809151399931,0.705440070765148,0.69416088199265,0.705082491051469,0.696668388429752,0.688093225234213,0.691514299109236,0.693160813308688,0.687636416481997,0.71875,0.719716394331961,0.71589218618977,0.697413456311999,0.709432454036771,0.712613186477845,0.724054706355591,0.715793918918919,0.732906364592321,0.728643216080402,0.723287888395688,0.734603869315799,0.705546077457445,0.728383458646617,0.755131964809384,0.75563200964099,0.741224605944469
"60618","Chicago","IL","Chicago-Naperville-Elgin","Cook County",6,,,,,,,,,,,,,,,,,,,,,,,,,,,,,,,,,,,,,,,,,,,,,,,,,,,,,,,,,,,,,,,,,,,,,,,,,,,1.30555555555556,1.49152542372881,1.38,1.38558915286777,1.42633333333333,1.38,1.22222222222222,1.22222222222222,1.17647058823529,1.17391304347826,1.24058516801854,1.28421396999542,1.3462962962963,1.4625,1.43028571428571,1.38888888888889,1.39642857142857,1.2967032967033,1.33333333333333,1.3,1.3,1.3,1.3,1.3,1.38228941684665,1.3875732798519,1.47826086956522,1.48611111111111,1.5,1.47826086956522,1.36363636363636
"28269","Charlotte","NC","Charlotte-Concord-Gastonia","Mecklenburg County",7,,,,,,,,,,,,,,,,,,,,,,,,,,,,,,,,,,,,,,,,,,,,,,,,,,,,,,,,,,,,,,,,,,,,,,,,,0.625,0.665134724085138,0.671360551313695,0.711335676625659,0.722350288600289,0.716701902748414,0.719246031746032,0.704550604374643,0.70911885207618,0.698529411764706,0.698529411764706,0.698308295377126,0.687631027253669,0.690789473684211,0.713228114243833,0.715046155511938,0.71723619977469,0.723450261225886,0.738744291542521,0.73079971791278,0.739697620512006,0.736468500443656,0.732256853173113,0.717821782178218,0.747367104387652,0.749141292298829,0.756217201782735,0.773710936927877,0.757366482504604,0.765744856146192,0.751278772378517,0.752766040253531,0.73715691819233
"30349","Riverdale","GA","Atlanta-Sandy Springs-Roswell","Clayton County",8,,,,,,,0.549948479578273,0.577179840988238,0.585834590246355,0.617408780036776,0.589225589225589,0.586544854060778,0.579677708146822,0.585899522069735,0.581724618431024,0.587406015037594,0.616698292220114,0.598086124401914,0.564226020333842,0.549242424242424,0.574585029318986,0.57280118255728,0.568744374437444,0.578302662841728,0.569306930693069,0.593379138038726,0.594684881815986,0.593109684681888,0.578348057102618,0.592747559274756,0.58262496417709,0.590491426696202,0.596760443307758,0.596590909090909,0.600208289666736,0.5851755526658,0.579268292682927,0.574683310195082,0.577353733518789,0.577353733518789,0.58460497845854,0.597055616139586,0.609110169491525,0.59614685568884,0.593568263707754,0.595238095238095,0.579229765549551,0.591985428051002,0.608365370825295,0.61447286338116,0.592216582064298,0.596098265895954,0.609020978558776,0.607192900513779,0.62933783884607,0.631313131313131,0.595546349041947,0.609375,0.595761363051267,0.627113469745049,0.614552605703048,0.605095541401274,0.593788437380747,0.608201240523777,0.605778191985089,0.589511922503726,0.629533864827982,0.617050532829151,0.605117565698479,0.618310717742536,0.618600682593857,0.602189781021898,0.633333333333333,0.64030131826742,0.627386196769457,0.623475473051744,0.633402994961501,0.624512197847763,0.637254901960784,0.657596371882086,0.662681912681913,0.647305808257523,0.65359477124183,0.629777007841196,0.653394462499472,0.657377832222594,0.661329620605639,0.648298217179903,0.687546370662767,0.725051975051975,0.725523645605613,0.669092945128779,0.667848699763593,0.675675675675676,0.684377199155524,0.696909536547373,0.720084976456452,0.701037303192258,0.722490931076179,0.728913571676501,0.716079332652366,0.71483304223165,0.738248346189553,0.693240901213172,0.74216602528862
"79912","El Paso","TX","El Paso","El Paso County",9,,,,,,,,,,,,,,,,,,,,,,,,,,,,,,,,,,,,,,,,,,,,,,,,,,,,,,,,,,,,,,,,,,,,,,,,,,,,0.743656835512241,0.756693830034924,0.751764344891071,0.749556232233385,0.739497887148894,0.744859420898028,0.74249486292788,0.714141838883073,0.716221447928765,0.731850731064238,0.738786279683377,0.77652900254456,0.800317152310301,0.740095777100566,0.740095777100566,0.763205828779599,0.759577278731836,0.798580301685892,0.77783650334136,0.777826086956522,0.776488415909471,0.754254694925262,0.730240549828179,0.709129331726332,0.749354005167959,0.722740670481086,0.786225966573236,0.774647887323944,0.759140973514522,0.82058933233868
"94565","Pittsburg","CA","San Francisco-Oakland-Hayward","Contra Costa County",10,,,,,,,,,,,,,,,,,,,,,,,,,,,,,,,,,,,,,,,,,,,,,,,,,,,,,,,,,,,,,,,,,,,,,,,,,,,,,,,,,,1.27755511022044,1.31367292225201,1.38821505534807,1.39484503137042,1.33975481611208,1.28345679012346,1.27886534195247,1.33904659882164,1.35208220659816,1.26280841047827,1.37792992384868,1.33475707421249,1.41823056300268,1.41823056300268,1.38441725692209,1.34438493789404,1.33475707421249,1.30466666666667,1.25949620151939,1.33222314737719,1.36695245168764,1.39411854305897,1.33432759210676,1.44504021447721
"90046","Los Angeles","CA","Los Angeles-Long Beach-Anaheim","Los Angeles County",11,,,,,,,,,,,,,,,,,,,,,,,,,,,,,,,,,,,,,,,,,,,,,,,,,,,,,,,,,,,,,,,,,,,,,,,,,,,,,,,,,,,,,,,,,,,,,4.26521907716169,4.26521907716169,3.92541707556428,3.79921680266054,3.4633612832665,3.43678368383148,3.59066427289048,3.84031150120747,3.38753387533875,3.84319981094175,3.76984126984127,3.79544528036171,4.22868741542625
"77433","Cypress","TX","Houston-The Woodlands-Sugar Land","Harris County",12,,,,,,,,,,,,,,,,,,,,,,,,,,,,,,,,,,,,,,,,,,,,0.767010003788111,0.763691904865808,0.742042166184374,0.745137744522654,0.756611530208331,0.781335291486867,0.800355713650511,0.792018503939034,0.786852910945438,0.726697785521315,0.791150823937495,0.805504790845232,0.777767618350973,0.783381562629186,0.77549889135255,0.746538039077687,0.760593987685621,0.744047619047619,0.759734093067426,0.804319083296606,0.766627872356638,0.759734093067426,0.832500832500833,0.800436766943122,0.80439912172859,0.777586213147981,0.760745530620008,0.76405325443787,0.771971496437055,0.768508290314113,0.749525616698292,0.788229329586724,0.793433711923865,0.818306300000208,0.805470393219823,0.785531628318876,0.762910798122066,0.760608486789431,0.783484501512091,0.794510653665583,0.837886159836034,0.844081209666023,0.826271186440678,0.826271186440678,0.816211911813645,0.784805253455539,0.809889173060529,0.811766945577508,0.794797687861272,0.785300197086959,0.796524257784214,0.774753991014533,0.77009633339676,0.780592829169512,0.786639914233261,0.772594752186589,0.807754442649435,0.820568927789934,0.810484230837226,0.793038580556112,0.797709176347735,0.8147512864494
"73099","Yukon","OK","Oklahoma City","Canadian County",13,,,,,,,,,,,,,,,,,,,,,,,,,,,,,,,,,,,,,,,,,,,,,,,,,,,,,,,,,,,,,,,,,,,,,,,,,,,,,,,,,,,,,,,,,,,,,,0.826204105512465,0.790816326530612,0.801998247908595,0.815217391304348,0.811797752808989,0.803951870953944,0.842565597667638,0.849652558433354,0.815217391304348,0.809250074325451,0.826947637292465,0.838004484304933
"77429","Cypress","TX","Houston-The Woodlands-Sugar Land","Harris County",14,,,,,,,,,,,,,,,,,,,,,,,,,,,,,,,,,,,,,,,0.682459827658623,0.726086956521739,0.71874431997551,0.702578330567957,0.744868395788455,0.713264211655345,0.726086956521739,0.730665640631012,0.723472668810289,0.711224694612658,0.729612587176455,0.733186603391861,0.725576220205306,0.734753550543024,0.746593703673289,0.752964791601754,0.751016260162602,0.716723549488055,0.710699594190023,0.711483594864479,0.731707317073171,0.724829351535836,0.728511185779868,0.745287154756686,0.728586285479636,0.729634128067007,0.709468533514167,0.724826125036869,0.758113590263692,0.729120636323464,0.711287380608677,0.750334071780895,0.743185689948893,0.705564784053156,0.715368421052632,0.706851187782316,0.721110995240431,0.720646018125391,0.723118525262681,0.723306582339029,0.719439728353141,0.71430375161673,0.714810498158247,0.733106308500114,0.715746421267894,0.72734829592685,0.735294117647059,0.729513672909899,0.778059346945248,0.798251578731161,0.800413446056408,0.774526678141136,0.748187409503314,0.741248870689094,0.739713361072584,0.716566866267465,0.715904797884397,0.724530946361932,0.741445260715864,0.761563748410097,0.767634854771784,0.763747454175153,0.763002692888977,0.772765246449457,0.764933581122788,0.746268656716418,0.744364100382816
"77479","Sugar Land","TX","Houston-The Woodlands-Sugar Land","Fort Bend County",15,,,,,,,,,,,,,,,,,,,,,,0.781208655342605,0.77995353468304,0.775558166862515,0.768662923117456,0.774509918769862,0.77248541925962,0.810376129681316,0.836722387166783,0.819672131147541,0.832504970178926,0.850340136054422,0.820475029760218,0.814811256485056,0.82833358996544,0.859348602240479,0.849688846337961,0.850340136054422,0.856094578067672,0.902527075812274,0.918217433888345,0.899795501022495,0.869910145247227,0.876043035291404,0.868569515911129,0.846681922196796,0.832256163128218,0.852305746419171,0.870044052863436,0.872854233343032,0.872817955112219,0.885896527285613,0.89126559714795,0.880469583778015,0.861715223635618,0.889253871421868,0.889477668433005,0.878238784426288,0.878238784426288,0.882352941176471,0.877742946708464,0.859227872713691,0.866690751445087,0.867706548523697,0.878933861946032,0.864839055108042,0.874903982594085,0.83041958041958,0.832266325224072,0.847181582288964,0.818926296633303,0.813008130081301,0.820817324484806,0.806245797944595,0.82890365448505,0.82039911308204,0.835322195704057,0.849009993675942,0.836216839677047,0.821827744904668,0.815688161693936,0.804227941176471,0.804856115107914,0.804972488282046,0.813208477082307,0.824823252160251,0.813489497065634,0.833572865766025,0.824556868150243,0.820367929656121,0.826446280991736,0.819895525777879,0.812168882981043,0.807232261284451,0.809965252800774,0.806576721747921,0.804430742534816,0.796280259284388,0.794982720255913,0.798203771306608,0.823771697558105,0.835600466381656,0.832639467110741,0.810263335584065,0.819907940161105
"60613","Chicago","IL","Chicago-Naperville-Elgin","Cook County",16,,,,,,,,,,,,,,,,,,,,,,,,,,,,,,,,,,,,,,,,,,,,,,,,,,,,,,,,,,,,,,,,,,,,,,,,,,,1.58333333333333,1.47102272727273,1.48913043478261,1.56,1.55152777777778,1.621875,1.45833333333333,1.44166666666667,1.45833333333333,1.57072368421053,1.52941176470588,1.52941176470588,1.57894736842105,1.60681818181818,1.54166666666667,1.5225,1.5,1.48,1.56200980392157,1.58863636363636,1.52941176470588,1.58863636363636,1.60827380952381,1.55555555555556,1.54248366013072,1.61111111111111,1.6,1.57142857142857,1.55555555555556,1.625,1.59162234042553
"30044","Lawrenceville","GA","Atlanta-Sandy Springs-Roswell","Gwinnett County",17,,,,,,,,,,,,,,,,,,,,,,,,,,,,,,,,,,,,,,,,,,,,,,,,,,,,,,,,,,,,,,,,,,,,,,,,,0.574842837480936,0.599959871589085,0.648868005126015,0.65,0.66334991708126,0.656455142231947,0.629825274278748,0.602202339986235,0.658809891808346,0.6,0.622475211164157,0.661262798634812,0.678790279363452,0.727272727272727,0.726728823088456,0.717847071895992,0.703080656425494,0.705066921606119,0.705156456588806,0.664310954063604,0.655696202531646,0.655021834061135,0.667060936476951,0.681198910081744,0.700815186081346,0.690981081845209,0.695777351247601,0.713304733554036,0.701754385964912,0.702550799827064,0.718041397097395,0.745420682672593,0.728092783505155
"28277","Charlotte","NC","Charlotte-Concord-Gastonia","Mecklenburg County",18,,,,,,,,,,,,,,,,,,,,,,,,,,,,,,,,,,,,,,,,,,,,,,,,,,,,,,,,,,,,,,,,,,,,,,,,,,0.839262613195343,0.8274231678487,0.825942567385676,0.823477493380406,0.820035460992908,0.801233867312426,0.791925465838509,0.807068579972731,0.805247484401635,0.824520819563781,0.836022293927838,0.824959481361426,0.830416481419022,0.799478196049199,0.840909090909091,0.841318512840169,0.812522389247854,0.830495648883844,0.827300930713547,0.793147208121827,0.798722044728435,0.793126239259749,0.809320526503024,0.85345545378851,0.829014970630253,0.867285195643405,0.838414634146341,0.831949058693245,0.837314338951894,0.863516752110889,0.827800829875519,0.804029304029304
"30043","Lawrenceville","GA","Atlanta-Sandy Springs-Roswell","Gwinnett County",18,,,,,,,,,,,,,,,,,,,,,,,,,,,,,,,,,,,,,,,,,,,,,,,,,,,,,,,,,,,,,,,,,,,,,,,,0.648089665503623,0.682237940858631,0.660653945537666,0.647821942222406,0.655295517651726,0.675167224080268,0.658207296746713,0.658978583196046,0.657478312083978,0.660242683797288,0.653688524590164,0.649606299212598,0.668896321070234,0.684615384615385,0.69071018651363,0.686678425384791,0.685114503816794,0.685114503816794,0.715678084099137,0.713983119581124,0.705052878965922,0.703296851205218,0.72126570497906,0.698336252189142,0.66952629615815,0.672506840985102,0.659937888198758,0.690623789228981,0.692188143975821,0.701121794871795,0.703393878160233,0.732383214568488,0.707186544342508,0.710232105966703
"78245","San Antonio","TX","San Antonio-New Braunfels","Bexar County",20,,,,,,,,,,,,,,,,,,,,,,,,,,,,,,,,,,,,,,,,,,,,,,,,,,,,,,,,,,,,,,,,,,,,,,,,,0.618146586384501,0.660220994475138,0.665137614678899,0.672789461615445,0.677392040643522,0.674044265593561,0.709798994974874,0.689290192525402,0.683760683760684,0.673076923076923,0.661914460285132,0.661018046314747,0.660919540229885,0.685465382851903,0.69462453992104,0.686758531744217,0.714285714285714,0.712287067216038,0.716075604372202,0.701962209302326,0.698044499199069,0.696758745741564,0.686673448626653,0.68844512512453,0.684171597633136,0.672897196261682,0.725704669751788,0.708201134721637,0.706533729395918,0.700092834464646,0.725254833679969,0.729032258064516,0.733301064859632
"77077","Houston","TX","Houston-The Woodlands-Sugar Land","Harris County",21,,,,,,,,,,,,,,,,,,,,,,,,,,,,,,,,,,,,,,,,,,,,,,,,,,,,,,,,,,,,,,,,,,,,,,,,,0.982558288336913,0.94876660341556,1.03551912568306,1.04089276869738,1.06259659969088,1.05233625673284,1.00586874002033,1.00985384124669,0.98285275469346,1.00951831554658,1.00169918306101,1.01098968736831,1.01246105919003,0.995068686157098,1.04872058068773,1.03892563584535,1.04517869184086,1.03619878307119,1.0338716029933,1.00671140939597,1.00463863108744,0.973630611891142,0.995340957221516,0.995068686157098,0.995068686157098,1.01502233049127,1.00279329608939,0.995068686157098,0.99899041680616,1.027813521597,1.034765625,1.02334199803288,1.00746268656716
"33160","Sunny Isles Beach","FL","Miami-Fort Lauderdale-West Palm Beach","Miami-Dade County",22,,,,,,,,,,,,,,,,,,,,,,,,,,,,,,,,,,,,,,,,,,,,,,,,,,,,,,,,,,,,,,,,,,,,,,,,,,,,,,,,3.54966948423022,3.55054302422723,3.55351418993788,3.5,3.55351418993788,3.34168755221387,3.3235634413789,3.18471337579618,3.23660714285714,3.18471337579618,3.24232081911263,3.36546592254355,3.7593984962406,3.7593984962406,3.7593984962406,3.7593984962406,3.7593984962406,3.7593984962406,3.2747986128671,3.28947368421053,3.36887477313975,3.54279803465219,3.51169352870494,3.65286694708878,3.72294372294372,3.55054302422723
"30024","Suwanee","GA","Atlanta-Sandy Springs-Roswell","Gwinnett County",23,,,,,,,,,,,,,,,,,0.607370312693507,0.60946230154759,0.610252237591538,0.602282906601074,0.588474025974026,0.610693963432708,0.605624936290027,0.603267207922684,0.603267207922684,0.615384615384615,0.628729752770673,0.639622641509434,0.602519208712686,0.638108883504808,0.621904761904762,0.610583446404342,0.621401151631478,0.632030101015906,0.626515763945028,0.627768371483004,0.622365758362489,0.622365758362489,0.626515763945028,0.654457055500813,0.671251509714942,0.663201808828464,0.667853962600178,0.666360294117647,0.707983624957852,0.677348871085215,0.66772071978996,0.66006600660066,0.663959984600419,0.679156908665105,0.686640967214991,0.682674199623352,0.716920465115429,0.709090909090909,0.698510846891655,0.677494724148327,0.672239649813109,0.676686666262634,0.675154320987654,0.704084578397795,0.721153846153846,0.721108232374836,0.721062618595825,0.701288855193328,0.723787167449139,0.709387013000682,0.701288855193328,0.720461095100865,0.733305156382079,0.71872468300257,0.663959984600419,0.71872468300257,0.727272727272727,0.735294117647059,0.714285714285714,0.710616438356164,0.732139927189107,0.7480788057004,0.771604938271605,0.743720065343126,0.731489232174112,0.717725431232511,0.724903754510122,0.725034602430817,0.739130434782609,0.748278887349165,0.745959386655615,0.757273814268633,0.751997558755655,0.745712155108128,0.742744610281924,0.741970070071075,0.745589313109856,0.744195688225539,0.735930735930736,0.741181647847029,0.75210401353411,0.769675925925926,0.787091696182605,0.750400350851629,0.742079579646531,0.806972240154939,0.802719540427389,0.811688311688312,0.801271065511022
"77379","Spring","TX","Houston-The Woodlands-Sugar Land","Harris County",24,,,,,,,,,,,,,,,,,,,,,,,,,,,,,,0.697648056146992,0.706845238095238,0.703686703489987,0.681023440968204,0.672371638141809,0.671343976093111,0.665954415954416,0.669163027048113,0.672859793389727,0.675800945032803,0.703171753441053,0.728874879361056,0.727058823529412,0.74832406211388,0.714884263247451,0.755287009063444,0.741852487135506,0.730216083590452,0.726548227395167,0.70852641334569,0.727308294209703,0.737100737100737,0.753257328990228,0.746043117366647,0.739345176912891,0.735229759299781,0.749545046082429,0.723240115718419,0.716646028276983,0.708483047724341,0.728297161936561,0.695987681105355,0.711659720460665,0.728297161936561,0.703754286649024,0.69713400464756,0.697808535178777,0.729842446709917,0.724664002905921,0.712589073634204,0.716845878136201,0.716845878136201,0.716845878136201,0.712589605734767,0.729917390224145,0.713877784123358,0.727408038541239,0.718778077268643,0.723109370292257,0.717592592592593,0.714680615308188,0.761973165915983,0.709708152464488,0.729557633247996,0.739371534195933,0.712848592522339,0.720354636128556,0.729812380086632,0.739939420164431,0.730164280806434,0.737617602884179,0.735294117647059,0.750418060200669,0.732217573221757,0.729120636323464,0.734211353123032,0.729120636323464,0.748930099857347,0.737014998741642,0.740334744171412,0.74662903579578,0.76271186440678,0.779119594857811,0.76149187998899,0.763395798830058,0.756258692628651
"33411","Royal Palm Beach","FL","Miami-Fort Lauderdale-West Palm Beach","Palm Beach County",25,,,,,,,,,,,,,,,,,,,,,,,,,,,,,,,,,,,,,,,,,,,,,,,,,,,,,,,,,,,,,,,,,,,,,,,,,,0.984050775767232,1.01128750525129,1.02040816326531,1.01164797602209,1.00801371922724,0.945692872443666,0.950907590759076,1.04555913483663,0.971102474086758,0.951065509076559,0.995619275189168,1.03257349647135,0.973727068787244,0.99009900990099,0.989865661088852,0.991358565254513,0.995619275189168,1.02807971014493,1.00093109869646,1.02420856610801,1.04501607717042,1.04501607717042,1.03461232163921,1.02179836512262,1.00861086705166,1.02481962349699,1.03484472279025,1.0205593964283,1.02481962349699,1.04842735896156,0.995619275189168,0.995619275189168
"28027","Concord","NC","Charlotte-Concord-Gastonia","Cabarrus County",26,,,,,,,,,,,,,,,,,,,,,,,,,,,,,,,,,,,,,,,,,,,,,,,,,,,,,,,,,,,,,,,,,,,,,,,,,,0.708925750394945,0.715032618865177,0.721814848762603,0.716625716625717,0.728910728910729,0.74118956075023,0.72213181448332,0.727320406982955,0.714926042133572,0.718545463156033,0.720588895624256,0.719587628865979,0.737907206317868,0.728347996055653,0.740584003385527,0.744223625624387,0.780771320689909,0.757035992786202,0.741195741195741,0.713640469738031,0.727158424140821,0.723365617433414,0.732103658536585,0.731707317073171,0.75556586270872,0.744694526782179,0.812296416938111,0.771428200152471,0.763511180352143,0.777879761358421,0.748946329273468,0.746045318512185
"66062","Olathe","KS","Kansas City","Johnson County",27,,,,,,,,,,,,,,,,,,,,,,,,,,,,,,,,,,,,,,,,,,,,,,,,,,,,,,,,,,,,,,,,,,,,,,,,,,,,,,,,,,,,,,,0.961009899175069,1.01943947188843,1.05859834387893,1.06580067403238,1.01546023814931,1.04253678141597,1.0744321669736,1.07687420584498,1.02895553257497,1.02097130242826,0.994601328903654,0.994601328903654,1.06150153182414,1.02877307274701,1.02739954938652,1.03980979206651,1.04790628615906,1.12177985948478,1.02835051546392
"34787","Winter Garden","FL","Orlando-Kissimmee-Sanford","Orange County",28,,,,,,,,,,,,,,,,,,,,,,,,,,,,,,,,,,,,,,,,,,,,,,,,,,,,,,,,,,,,,,,,,,,,,,,,,0.796542553191489,0.819971570829226,0.832708264089136,0.854667806903893,0.831715354930052,0.806126114107433,0.858892955605097,0.842919476398255,0.849274020156705,0.870393449915031,0.854769560557342,0.850405875531504,0.865594187856772,0.875487574283966,0.867129135538954,0.903578345877932,0.895142922174343,0.914714370596724,0.888457095948367,0.932684509326845,0.933852140077821,0.948728300363343,0.96,0.960460385438972,0.935101186322401,0.927840575786291,0.916030534351145,0.955938697318008,0.994983277591973,0.968914008881712,0.936626916524702,0.930753564154786,0.933852140077821
"95630","Folsom","CA","Sacramento--Roseville--Arden-Arcade","Sacramento County",29,,,,,,,,,,,,,,,,,,,,,,,,,,,,,,,,,,,,,,,,,,,,,,,,,,,,,,,,,,,,,,,,,,,,,,,,,,,,,,,,,,,,,,,1.20014501588709,1.15402731983043,1.14635364635365,1.13152050480516,1.15115115115115,1.18034055727554,1.19104969574037,1.18406889128095,1.20472837022133,1.18888129248732,1.16885524097842,1.16859883138953,1.21319520174482,1.19999285371039,1.17790414297319,1.22678448908132,1.29679869777537,1.27191568529534,1.20008587376556
"79938","El Paso","TX","El Paso","El Paso County",30,,,,,,,,,,,,,,,,0.79939706429169,0.762428298279159,0.72509128847157,0.736919675755343,0.713063320022818,0.718685831622177,0.707070707070707,0.694379337778147,0.704225352112676,0.719152157456472,0.724839516699916,0.724085365853659,0.740631064348123,0.712529243075994,0.718496683861459,0.706785137318255,0.704989154013015,0.730622617534943,0.731087390192408,0.698324022346369,0.709548517645312,0.720049658597145,0.723308732629494,0.7197370595144,0.7197370595144,0.729085122376604,0.720049658597145,0.711479207067442,0.704926624737946,0.702824133504493,0.691663633054241,0.702662721893491,0.712393693806782,0.701692524682652,0.690751445086705,0.691153238546603,0.743398673073336,0.74427884397888,0.717703349282297,0.718496683861459,0.720880445226826,0.713153724247227,0.717703349282297,0.70953037662623,0.702850449043342,0.712957222566646,0.709680130222663,0.710582442307149,0.705260064648839,0.701412066752246,0.702824133504493,0.717079530638853,0.717035611164581,0.700934579439252,0.68359375,0.731311958011444,0.689189189189189,0.670372792674951,0.690184049079755,0.703804347826087,0.699947173798204,0.69474134245404,0.692771084337349,0.71254619399656,0.723674292055296,0.709421112372304,0.684099313259377,0.682879192073171,0.690751445086705,0.69226750261233,0.71535465941222,0.703432751828925,0.703432751828925,0.709499408750493,0.7223113964687,0.709085759785316,0.70962019135426,0.723436089502609,0.749594517745563,0.754567116759333,0.751010976314269,0.746007984031936,0.755754125599486,0.708778173190985,0.721172586554509,0.762910798122066,0.74235807860262,0.745697896749522,0.742971887550201,0.742240215924426
"77459","Missouri City","TX","Houston-The Woodlands-Sugar Land","Fort Bend County",31,,,,,,,,,,,,,,,,,,,,,,,,,,,,,,,,,,,,,,,,,,,,,,,,,,,,,,,,,,,,,,,,,,,,,,,,,0.82046332046332,0.808151791988756,0.795544948289578,0.796107916850951,0.770719113755849,0.802531007238342,0.805047867711053,0.78239431551676,0.794292783729403,0.79447322970639,0.792253521126761,0.796560674886437,0.800164136233073,0.784715114295462,0.792253521126761,0.796661608497724,0.808562496062496,0.79155672823219,0.788501552546496,0.793335977786593,0.7950507620992,0.786088613625536,0.779226231156015,0.787408998224774,0.791265772232928,0.80399826162538,0.803287875957407,0.801924836855108,0.814111261872456,0.819966095475476,0.832117243479275,0.819652464235992,0.831021087680355
"97229","Portland","OR","Portland-Vancouver-Hillsboro","Multnomah County",32,,,,,,,,,,,,,,,,,,,,,,,,,,,,,,,,,,,,,,,,,,,,,,,,,,,,,,,,,,,,,,,,,,,,,,,,,1.01686031111191,0.990769520943374,1.07089663389931,1.07382137884968,1.10425609906382,1.08336203329612,1.05806993411282,1.03380145609275,1.00411946446962,0.976592478894858,0.987917913613526,1.01889635873212,1.01371951219512,1.02868668758404,1.03517667712535,1.01049427819474,1.06441048034935,1.05179090798075,1.05031737010116,1.05498505134538,1.03717199501554,1.03653846153846,0.999138762114573,1.0226767452201,1.04814457314457,1.04051083565366,1.04842735896156,1.0711091234347,1.0645375914837,1.09565950273915,1.10874200426439,1.07573849782148,1.02409638554217
"91709","Chino Hills","CA","Riverside-San Bernardino-Ontario","San Bernardino County",33,,,,,,,,,,,,,,,,,,,,,,,,,,,,,,,,,,,,,,,,,,,,,,,,,,,,,,,,,,,,,,,,,,,,,,1.28062360801782,1.27654497733238,1.25,1.23691722169363,1.18760064412238,1.25062531265633,1.27118644067797,1.24596215966774,1.32111979182092,1.29449838187702,1.27369155674546,1.23829852020828,1.22484689413823,1.22641509433962,1.28329297820823,1.28208564738408,1.30890052356021,1.30536130536131,1.31779016725798,1.28592483419307,1.28652677353218,1.2879997083178,1.31509731720147,1.32268541540502,1.30988023952096,1.34035423647678,1.33469779921458,1.30044843049327,1.31283485660258,1.30988023952096,1.34817408704352,1.29183793305931,1.31333506960654,1.31443298969072,1.36363636363636,1.32358751481628
"75056","The Colony","TX","Dallas-Fort Worth-Arlington","Denton County",34,,,,,,,,,,,,,,,,,,,,,,,,,,,,,,,,,,,,,,,,,,,,,,,,,,,,,,,,,,,,,,,,,,,,,,,,,,,,,,,,,,,,,,,,,,,0.947225306578164,0.970817120622568,0.970817120622568,0.931544146246597,0.925925925925926,0.905292479108635,0.90680590239476,0.954456002249086,0.971652821232064,0.95487106017192,0.910448411474661,0.897615708274895,0.892277741726152,0.959021024368106,0.925480769230769
"30040","Cumming","GA","Atlanta-Sandy Springs-Roswell","Forsyth County",35,,,,,,,,,,,,,,,,,,,,,,,,,,,,,,,,,,,,,,,,,,,,,,,,,,,,,,,,,,,,,,,,,,,,,,,,,0.693479727392237,0.706825811264454,0.702292649573699,0.709205020920502,0.704929221809699,0.709561821697475,0.739245641817989,0.761405529041665,0.768927444794953,0.757065807378866,0.756953447993874,0.769405356332274,0.768631249594709,0.769405356332274,0.768097707251277,0.749372393151676,0.727647623526148,0.757359924026591,0.742942050520059,0.733308624980145,0.729120636323464,0.739915185011384,0.735992402659069,0.766316072050458,0.783466553906591,0.766016713091922,0.761004983388704,0.768272425249169,0.752988735726543,0.766747376916868,0.765907305577376,0.753398791540785,0.787782733278651
"98012","Bothell","WA","Seattle-Tacoma-Bellevue","Snohomish County",36,,,,,,,,,,,,,,,,,,,,,,,,,,,,,,,,,,,,,,,,,,,,,,,,,,,,,,,,,,,,,,,,,,,,,,,,,1.08205949571016,1.10714285714286,1.14213362993883,1.14741035856574,1.12970711297071,1.14741035856574,1.17140984448121,1.15784209762446,1.10095554632322,1.10383944153578,1.09095427435388,1.11350277816044,1.12134105486241,1.13113496932515,1.13341443633414,1.15570599613153,1.16235470566179,1.15842662361884,1.1284046692607,1.11111111111111,1.09914759982055,1.1330608537693,1.14383650400639,1.13741953525122,1.13773541232783,1.1374154503382,1.22295230542653,1.21641952015763,1.22678018575851,1.20858406811502,1.21018984889578,1.2037422037422,1.20540019286403
"33647","Tampa","FL","Tampa-St. Petersburg-Clearwater","Hillsborough County",37,,0.718860842315507,0.711625950392621,0.75974899148364,0.772200772200772,0.743366117070841,0.762873490146217,0.75,0.725018728750072,0.719026548672566,0.715478090169158,0.741897696212417,0.742819412347309,0.742819412347309,0.749318801089918,0.801282051282051,0.795175080205303,0.777776169223579,0.774246128769356,0.779816513761468,0.779816513761468,0.756244397044731,0.751413314739558,0.777964676198486,0.761924164147077,0.782862819983485,0.786088613625536,0.794797687861272,0.790629575402635,0.790936297563061,0.777171795870666,0.809365781710914,0.788873158561698,0.781551524507912,0.769365297172223,0.770802469135802,0.763071729786716,0.754702734088687,0.751070427500069,0.748674911660777,0.758516049424074,0.773399368360609,0.782645962583018,0.789390458053922,0.789586000853607,0.788211103495545,0.790629575402635,0.769230769230769,0.785085028401536,0.779141173455099,0.769197436263445,0.758476646548703,0.792241815059155,0.797070228349849,0.791855203619909,0.794979079497908,0.794085670798,0.79402165850764,0.797901299613628,0.790782936482848,0.824416342412451,0.810239549084077,0.817796610169492,0.795334487218258,0.79257506167392,0.822532402791625,0.794479737726327,0.794520547945205,0.791334284045753,0.794520547945205,0.790629575402635,0.803858520900322,0.793244626407369,0.824416342412451,0.843881856540084,0.844416635916853,0.860049139001267,0.852575488454707,0.844091360476663,0.830947089619606,0.830713964975303,0.831771321462043,0.805188448360254,0.796577946768061,0.797474685577818,0.79885877318117,0.811271105150699,0.840541353542177,0.848965426349778,0.854066097289269,0.865265760197775,0.848765432098765,0.836680053547523,0.836569627039283,0.830989110707804,0.841923244804083,0.841923244804083,0.853257017903034,0.841346153846154,0.864165181846767,0.861450551625192,0.867537313432836,0.857449117511205,0.874101361981692,0.861450551625192
"92677","Laguna Niguel","CA","Los Angeles-Long Beach-Anaheim","Orange County",38,,,,,,,,,,,,,,,,,,,,,,,,,,,,,,,,,,,,,,,,,,,,,,,,,,,,,,,,,,,,,,,,,,,,,,,,,1.58815612382234,1.65819014515285,1.6112532759729,1.60445317616241,1.61570331734292,1.68758113370835,1.68634589884613,1.59952606635071,1.5571520236307,1.54299445074048,1.56862745098039,1.60686811738849,1.70725852771991,1.7187532331189,1.70164492342598,1.70685006876547,1.73842028213565,1.82744956993337,1.77534084173088,1.71286203674868,1.69587400177462,1.71581769436997,1.72096983682825,1.7261667943591,1.74523605817842,1.74523605817842,1.76393670511972,1.71821305841924,1.72753771723447,1.71939477303989,1.85409948647392,1.72234136804625,1.70539524379772
"77845","College Station","TX","College Station-Bryan","Brazos County",39,,,,,,,,,,,,,,,,,,,,,,,,,,,,,,,,,,,,,,,,,,,,,,,,,,,,,,,,,,,,,,,,,,,,,,,0.950309244133099,0.952714694848937,0.981675392670157,1.03682271348071,1.03118100986369,1.01464493447473,0.996631106120157,0.962297674116801,0.931123207025419,0.897589412600663,0.890207715133531,0.911471088109097,0.942066986279224,0.944479427458324,0.997340425531915,1.0416034398886,1.0313112655206,1.00837322703914,0.979192166462668,0.945692080001308,0.919848666158997,0.899887514060742,0.884732629467095,0.879901960784314,0.946969696969697,1.00462118621528,1.0144576292205,0.97926267281106,0.989880969417122,0.97442143727162,0.959692898272553,0.941490168874244,0.907604752046343,0.893854748603352,0.881778812741954
"92336","Fontana","CA","Riverside-San Bernardino-Ontario","San Bernardino County",40,,,,,,,,,,,,,,,,,,,,,,,,,,,,,,,,,,,,,,,,,,,,,,,,,,,,,,,,,,,,,,,,,,,,,,,,,0.968379446640316,1.00744634253176,0.974817221770918,0.951698731068359,0.970319634703196,0.985626283367556,0.962990936555891,0.981980769805776,0.983768152276176,0.990883868410622,1.00837138508371,1.00733034662991,0.9984247617956,1.00354282726192,1.00354282726192,0.980206971729717,1.01194356797055,1.02219626168224,1.03035908903888,1.02219626168224,1.04166666666667,1.02165354330709,1.03384427881686,1.03846153846154,1.02219626168224,1.01120597652081,1.0175845614643,1.00597363318257,1.01019637462236,0.96988081213579,1.04777621657717,1.07388316151203,1.09151973131822
"77450","Cinco Ranch","TX","Houston-The Woodlands-Sugar Land","Fort Bend County",41,,,,,,,,,,,,,,,,,,,,,,,,0.762873490146217,0.772157802132576,0.78082929456112,0.827205882352941,0.838668782092396,0.839454354669465,0.835344305798209,0.848608282416836,0.848608282416836,0.836226851851852,0.81059707394227,0.848608282416836,0.841992117520602,0.823355252069906,0.808473518261618,0.80535390199637,0.810234541577825,0.855122160308616,0.862068965517241,0.881612090680101,0.861586931875149,0.850873264666368,0.82764079606606,0.822099673202614,0.805131004366812,0.80450522928399,0.839763958238765,0.848608282416836,0.862153776847735,0.859100893183878,0.88394711409948,0.872288078729591,0.850643018065001,0.829486863541163,0.82682003310645,0.830896686159844,0.822154911293812,0.823314166231051,0.826206736695202,0.826084401638521,0.845880736088548,0.833848372476308,0.837220149253731,0.79656862745098,0.800450886984409,0.810564397079778,0.780771964950653,0.770246478873239,0.781515460414543,0.803310613437196,0.815738025415445,0.831354048398954,0.807436519289981,0.801682254822833,0.79945180447693,0.798301887518445,0.799276145458647,0.806117633710421,0.799905838041431,0.823491533344329,0.805555555555556,0.826001955034213,0.818273382273613,0.813008130081301,0.818273382273613,0.817067635043123,0.79142403388036,0.77723264590457,0.787694286879493,0.797133900582176,0.803248848261129,0.790678318768206,0.805398345668263,0.793249148512306,0.790678318768206,0.802300938540721,0.814053127677806,0.826446280991736,0.827653359298929,0.849724264705882,0.832970136833533,0.844550013196094
"28078","Huntersville","NC","Charlotte-Concord-Gastonia","Mecklenburg County",42,,,,,,,,,,,,,,,,,,,,,,,,,,,,,,,,,,,,,,,,,,,,,,,,,,,,,,,,,,,,,,,,,,,,,,,,,0.735524256651017,0.705736042243544,0.708294772760182,0.72822482900689,0.763585558773243,0.763016157989228,0.734557595993322,0.739417989417989,0.745741587037806,0.727025979061652,0.737262989530826,0.747847007223942,0.757575757575758,0.748194014447884,0.764627659574468,0.767136848292556,0.748211064870956,0.753429268365714,0.775962660443407,0.772045855379189,0.744444444444444,0.760128359406338,0.765529308836395,0.756107834877843,0.730103117995963,0.766456266907124,0.78125,0.78125,0.76518412242946,0.748861520401554,0.765867322538772,0.760159651669086,0.76559206121473
"76244","Fort Worth","TX","Dallas-Fort Worth-Arlington","Tarrant County",43,,,,,,,0.669551487623992,0.690298507462687,0.677527634973542,0.664799686724672,0.685080469769465,0.710227272727273,0.697155605131065,0.662871486561719,0.654227265395195,0.668777709714736,0.653861871679608,0.673493385497564,0.691827594675314,0.695866057094005,0.665083135391924,0.663436726177327,0.682859457441609,0.692739389687829,0.710285132382892,0.679086538461538,0.664349959116926,0.670528975110723,0.694755714926042,0.706406133482476,0.711711711711712,0.712053571428571,0.72503817267848,0.687213660974594,0.681270096463023,0.68452380952381,0.696594427244582,0.699765271253911,0.704563809055637,0.707764627674267,0.713984835720303,0.720843628938665,0.737463126843658,0.735637552545539,0.740103704665268,0.718031609195402,0.716594827586207,0.716594827586207,0.73775989268947,0.723622782446312,0.728699551569507,0.743913435527502,0.735294117647059,0.741395432140275,0.754479919119694,0.751729267929619,0.73775989268947,0.73775989268947,0.722633424230619,0.734176749997703,0.745257452574526,0.747588424437299,0.760018424689083,0.758474822464069,0.744834214320038,0.755395683453237,0.806184532354528,0.742447516641065,0.748142962951793,0.764075067024129,0.769379097570382,0.735500140095265,0.743913435527502,0.768217734855136,0.784803532286754,0.822523730905624,0.794162166584847,0.805012744265081,0.805008944543828,0.802930192473427,0.806060606060606,0.797747536367902,0.775518341307815,0.770966528770214,0.789427907540871,0.80487426352107,0.808558558558559,0.824477830707219,0.826798163908523,0.838518903690076,0.849198396793587,0.844748858447489,0.8203545869954,0.802772808586762,0.811563169164882,0.819926689766546,0.814950980392157,0.837170364169108,0.838138385502471,0.859951123941859,0.865419584215383,0.858225590726705,0.824901011878575,0.812334217506631,0.796039043735318
"75035","Frisco","TX","Dallas-Fort Worth-Arlington","Collin County",44,,,,,,,,,,,,,,,,,,,,,,,,,,,,,,0.770591207680647,0.775510204081633,0.785696567897894,0.748076923076923,0.747896540978498,0.772946859903382,0.747896540978498,0.761071334873927,0.800802626778548,0.801119016738556,0.795940075919015,0.778008203329535,0.800676128091085,0.802772808586762,0.806854430243335,0.814293389310278,0.811535202462019,0.79731937365808,0.802772808586762,0.814847069525954,0.819277319922413,0.801787717682655,0.847283165130905,0.833333333333333,0.826128417037508,0.841198577575575,0.837410685361385,0.802772808586762,0.823643410852713,0.826967873876511,0.836431226765799,0.823643410852713,0.841121495327103,0.845134336528618,0.858435687130323,0.847767032360056,0.861216580538679,0.862131968555451,0.863303470933593,0.825820255326069,0.79935125115848,0.8326394742374,0.821827744904668,0.843799058084772,0.829625923867367,0.843799058084772,0.838803792851933,0.847868217054264,0.847510979885267,0.845933263816475,0.821220930232558,0.809193947736643,0.812645461598138,0.839964633068081,0.833333333333333,0.849071935487446,0.839785303398608,0.841121495327103,0.872641509433962,0.873053327041057,0.884955752212389,0.870646766169154,0.846698113207547,0.864553314121037,0.864553314121037,0.848800362154821,0.866561389656534,0.874477338313962,0.852713178294574,0.84260319056577,0.847868217054264,0.851119058417611,0.852090857438598,0.856048843467896,0.869145803348231,0.850494651667536
"77095","Houston","TX","Houston-The Woodlands-Sugar Land","Harris County",45,,,,,,,,,,,,,,,,,,,,,,,,,,,,,,,,,,,,0.727449355419841,0.711743772241993,0.7243195785777,0.714598493377635,0.714904679376083,0.712158341078871,0.718586110281356,0.729546163287377,0.734886300610094,0.745526838966203,0.742023805453286,0.725565514297909,0.735631281540313,0.74297520661157,0.7210205213533,0.714441602461388,0.739332096474954,0.724400871459695,0.749148211243612,0.761976383155788,0.748258042120528,0.749420094246943,0.728051391862955,0.720461095100865,0.730080833653999,0.740339472733839,0.726223637087147,0.726223637087147,0.734451718494272,0.739170704842913,0.73848582495199,0.753516409912927,0.677830940988836,0.707761401861214,0.696957236842105,0.720759474316555,0.713648528099911,0.727246988916728,0.699716491796875,0.711237553342816,0.709076934867816,0.719424460431655,0.720079449310891,0.729298595351268,0.708195168166746,0.708410964365063,0.708195168166746,0.699572483482316,0.708041102809027,0.728957470178418,0.747304744499695,0.741656365883807,0.73736400047824,0.753516409912927,0.745871070857752,0.726442507264425,0.727272727272727,0.708788983394087,0.713685978169605,0.727739726027397,0.701572847682119,0.727739726027397,0.712621297242084,0.715015321756895,0.744423170825731,0.734387237937378,0.741803126620802,0.750210217340364,0.753516409912927,0.788107856639287
"32218","Jacksonville","FL","Jacksonville","Duval County",46,,,,,,,,,,,,,,,,,,,,,,,,,,,,,,,,,,,,,,,,,,,,,,,,,,,,,,,,,,,,,,,,,,,,,,,,,0.686544236196063,0.718202835997131,0.709922201019965,0.694124430707269,0.701995506805868,0.706580305804867,0.684250764525994,0.692339642127478,0.692759196415269,0.690072639225182,0.698122291766972,0.682638753138187,0.724358249662609,0.74896694214876,0.737919024814976,0.743183817062445,0.726392251815981,0.73093594821878,0.744827586206897,0.770625566636446,0.757737459978655,0.74841199845993,0.744584837545126,0.747708634828751,0.740131578947368,0.731132631934928,0.763157894736842,0.784608378870674,0.77639751552795,0.75703737209617,0.780409946236559,0.764375879507843,0.759949195596952
"30052","Loganville","GA","Atlanta-Sandy Springs-Roswell","Gwinnett County",47,,,,,,,,,,,,,,,,,,,,,,,,,,,,,,,,,,,,,,,,,,,,,,,,,,,,,,,,,,,,,,,,,,,,,,,,,0.595238095238095,0.60802590800348,0.639828741704506,0.671824104234528,0.686813186813187,0.680161943319838,0.669802867383513,0.670980073436708,0.646626297577855,0.674492638280939,0.621599751146921,0.620300751879699,0.649435273675065,0.654998095736831,0.65978835978836,0.673026097369839,0.688464662875711,0.702299829642249,0.667682127174638,0.657581414008862,0.636291179596174,0.663607456509304,0.674787316318639,0.687213660974594,0.686878701809384,0.703822232643907,0.715340018729423,0.702877259724915,0.668252595155709,0.694171994623716,0.704835766423358,0.688851913477537,0.684354524166562
"30041","Cumming","GA","Atlanta-Sandy Springs-Roswell","Forsyth County",48,,,,,,,,,,,,,,,,,,,,,,,,,,,,,,,,,,,,,,,,,,,,,,,,,,,,,,,,,,,,,,,,,,,,,,,,0.723870056497175,0.728718118582312,0.748995250274023,0.746268656716418,0.754843019873853,0.769884899709608,0.766016713091922,0.766016713091922,0.744637824861705,0.731803797468354,0.720404984423676,0.746268656716418,0.747282608695652,0.758481342098074,0.789101135753388,0.759885659838018,0.772797306224897,0.765021048603138,0.769854132901134,0.776933701657459,0.776933701657459,0.760287176759955,0.74763195349522,0.765472312703583,0.74763195349522,0.765770536022943,0.792190862709324,0.791904971403432,0.786782061369001,0.793507690370294,0.801669318093394,0.742240215924426,0.746268656716418,0.785081045497712
"92592","Temecula","CA","Riverside-San Bernardino-Ontario","Riverside County",49,,,0.833333333333333,0.816194488677947,0.84901989126383,0.854782038292677,0.851674035184673,0.848484848484849,0.869984988256943,0.82815734989648,0.831588948073389,0.827586206896552,0.813797541936555,0.816326530612245,0.826552041898126,0.845410628019324,0.851836037574722,0.86180626155352,0.871770462402204,0.85713682636175,0.854721358304986,0.822442621205553,0.828037773821044,0.837531486146096,0.826692568173663,0.831399845320959,0.843546932810994,0.831212388034441,0.827097282394644,0.851836037574722,0.823428190239391,0.83024073898701,0.842851667305481,0.844468030780676,0.841827435226272,0.82892749244713,0.829004562550096,0.839506751330685,0.839630562552477,0.837760156480869,0.834673617658477,0.852209431860379,0.862006354970495,0.845531587057011,0.829081632653061,0.842581074804744,0.865051903114187,0.839630562552477,0.861098502042669,0.862777321281841,0.836470096194061,0.836470096194061,0.845531587057011,0.862006354970495,0.861790081563363,0.8421875,0.867635189669088,0.882538005186279,0.865724381625442,0.845531587057011,0.859185349536629,0.850947965579887,0.868725868725869,0.850947965579887,0.87118837594591,0.905432661027977,0.880572220452922,0.892857142857143,0.848257472802333,0.919167500504809,0.842581074804744,0.882450882450882,0.881203798439316,0.882732119819641,0.87527352297593,0.965700965700966,0.966022651565623,0.976621131340729,0.971502590673575,0.959183673469388,0.933786078098472,0.949062308012309,0.976361767728674,0.966740437480261,0.97103136671482,0.979568989644556,0.95432424329252,0.971502590673575,0.976880494952784,0.967119508881772,0.962990936555891,0.976361767728674,0.97263868065967,0.939034369885434,0.943759630200308,0.960441182284186,0.982280431432974,1.00945017182131,1.03827361563518,1.03188280913399,1.02013678555024,1.00032057102409,1.03342128408091,1.04128856624319,1.02564102564103
"89117","Las Vegas","NV","Las Vegas-Henderson-Paradise","Clark County",50,,,,,,,0.693172568172568,0.707324123210104,0.697900955253896,0.713662547364897,0.715630885122411,0.725352112676056,0.758459743290548,0.721257852304708,0.687919463087248,0.667364016736402,0.724213286713287,0.711803975980348,0.68587131189636,0.697133877474435,0.691560551895294,0.663924946891981,0.67425141128059,0.67425141128059,0.671817947942572,0.706762749445676,0.677743769129864,0.704783335919852,0.72976479022292,0.716682646212848,0.655682582380632,0.680431722196152,0.671550671550671,0.678768882807919,0.682749203459263,0.680357652577089,0.681998413957177,0.677672678652708,0.682500682500683,0.682749203459263,0.702302417504127,0.709471443774388,0.716845878136201,0.738424636114832,0.723745473357475,0.701417370965683,0.697674418604651,0.6963492478256,0.700652938221999,0.699960804807944,0.702247191011236,0.777907429015947,0.754342861007637,0.75966465425397,0.783475783475784,0.744281781119288,0.729946524064171,0.677021107128634,0.700589970501475,0.710611371554819,0.714595062797748,0.735294117647059,0.721073506963657,0.758459743290548,0.770454545454546,0.759346830709602,0.714549515292966,0.733576621103387,0.731734523145566,0.72312242159153,0.701754385964912,0.758459743290548,0.730565730565731,0.758459743290548,0.748863386008132,0.776892430278884,0.758459743290548,0.780818370165746,0.78125,0.786522380718151,0.790327840820152,0.794176042356056,0.771158665895508,0.761641784322998,0.81998474446987,0.801104869332975,0.775321676014517,0.824492478713221,0.842376759801907,0.824057450628366,0.823500491642085,0.794624319264806,0.830200700468059,0.820884429580082,0.868307811016144,0.865960801782528,0.844302425163485,0.867863720073665,0.872295059279246,0.872295059279246,0.87142524303474,0.862980769230769,0.879461976202794,0.879461976202794,0.851873673198509
"89052","Henderson","NV","Las Vegas-Henderson-Paradise","Clark County",51,,,,,,,,,,,,,,,,,,,,,,,,,,,,,,,,,,,,,,,,,,,,,,,,,,,,,,,,,,,,,,,,,,,,,,,,,0.789141414141414,0.803108808290155,0.810028416734793,0.852238774221302,0.825921219822109,0.841376715182303,0.840579710144927,0.831460674157303,0.816484666906276,0.81213109138291,0.808695652173913,0.819418676561534,0.842588232717557,0.816327542167056,0.854471085783918,0.862068965517241,0.861737081411171,0.864864864864865,0.863280871101339,0.847333533731933,0.821287779237845,0.866666666666667,0.869575671397279,0.87175513366912,0.875887520558386,0.876288659793814,0.886452959960698,0.907276093190853,0.884347719377113,0.897589969060414,0.926497019299908,0.896629213483146,0.91374269005848
"32244","Jacksonville","FL","Jacksonville","Duval County",52,,,,,,,,,,,,,,,,,,,,,,,,,,,,,,,,,,,,,,,,,,,,,,,,,,,,,,,,,,,,,,,,,,,,,,,,,0.684401351931816,0.697729862360969,0.672268907563025,0.698856416772554,0.714400365265786,0.701948627103631,0.75,0.726678400804627,0.728309056364788,0.722831505483549,0.701035779161965,0.734463276836158,0.741466144376049,0.750788643533123,0.732323232323232,0.751684810782789,0.735220551522833,0.771762208067941,0.754003558718861,0.746085050642418,0.747080766281449,0.745614035087719,0.741258741258741,0.740069194104009,0.74582338902148,0.765696784073507,0.765696784073507,0.791009521698575,0.789058390320884,0.798629050057042,0.803609341825902,0.793524416135881,0.793369381131376
"33186","The Crossings","FL","Miami-Fort Lauderdale-West Palm Beach","Miami-Dade County",53,,,,,,,,,,,,,,,,,,,,,,,,,,,,,,,,,,,,,,,,,,,,,,,,,,,,,,,,,,,,,,,,,,,,,,,,,1.13636363636364,1.14922139675406,1.17971887550201,1.16040218852221,1.16309461578672,1.16490717145977,1.15727830451757,1.14689016321129,1.15033716779056,1.16263440860215,1.11413862603361,1.11323830912205,1.15606359250113,1.18310884601383,1.1617900172117,1.21239335428828,1.18543607112616,1.19047619047619,1.18887608806964,1.18828615933303,1.15667276913702,1.19910764082543,1.18929633300297,1.18929633300297,1.2150151873661,1.21545547594678,1.22051399806334,1.22892571968324,1.24548620880727,1.24792013311148,1.23294820957277,1.18949958982773,1.17647058823529
"02155","Medford","MA","Boston-Cambridge-Newton","Middlesex County",54,,,,,,,,,,,,,,,,,,,,,,,,,,,,,,,,,,,,,,,,,,,,,,,,,,,,,,,,,,,,,,,,,,,,,,,,,1.3,1.31666666666667,1.5,1.66666666666667,1.65745856353591,1.71751650512712,1.70127691537306,1.6,1.5,1.6,1.67624521072797,1.61904761904762,1.47826086956522,1.41944444444444,1.66666666666667,1.94174757281553,1.88145280235988,1.88790560471976,1.7126000842815,1.66666666666667,1.54356060606061,1.65666999334664,1.65,1.55555555555556,1.65426829268293,1.65,1.8001800180018,1.89651780444619,2,1.86666666666667,1.58311345646438,1.58311345646438,1.45118733509235
"34953","Port Saint Lucie","FL","Port St. Lucie","Saint Lucie County",55,,,,,,,,,,,,,,,,,,,,,,,,,,,,,,,,,,,,,,,,,,,,,,,,,,,,,,,,,,,,,,,,,,,,,,,,,0.738396624472574,0.781691093119739,0.798258345428157,0.798258345428157,0.794032723772858,0.766831683168317,0.770547945205479,0.783203980543871,0.767248282072199,0.767875125881168,0.768949102892713,0.795334040296925,0.788211103495545,0.797101449275362,0.82085568459976,0.826369545032498,0.835509138381201,0.845953002610966,0.838785046728972,0.838785046728972,0.832986255726781,0.853242320819113,0.884744141559063,0.875758991125642,0.845356176735798,0.838328786986855,0.84348641049672,0.838493292053664,0.881923074698027,0.854186717998075,0.863732319546198,0.900602057516951,0.834078711985689
"33027","Miramar","FL","Miami-Fort Lauderdale-West Palm Beach","Broward County",56,0.962649210627647,0.972986735422053,0.994378687015639,0.962649210627647,1.00892265486027,1.02284399132651,1.01328649425256,1.03433184205408,1.01666530133159,0.993657505285412,1.01931330472103,0.981481481481482,1.00052687038988,1.0397253900774,1.04545454545455,1.07142857142857,1.06304985337243,1.03556956325979,1.02420562994747,1.01119757599097,1.02235704321083,1.02857142857143,1.02857142857143,1.0456679470764,1.04695164653218,1.04778641339184,1.03036167956379,1.0305541170378,1.03328069917404,1.03480043681707,1.08191653786708,1.08166576527853,1.07784431137725,1.0720670866678,1.07784431137725,1.05807086614173,1.06732348111658,1.05709477391456,1.06047077565063,1.0593007924302,1.05882352941176,1.0748959778086,1.0831636777342,1.08606659091309,1.10778443113772,1.10791957324579,1.08695652173913,1.05982100800754,1.05982100800754,1.10341843357854,1.08178277801817,1.05969858876986,1.08609888544078,1.09090909090909,1.1340206185567,1.11298482293423,1.10334276501941,1.093399750934,1.12462137602769,1.10851808634772,1.12320812391128,1.1340206185567,1.13744075829384,1.10416666666667,1.13853807883659,1.12090252484721,1.12090252484721,1.14678899082569,1.16796171694572,1.14455277660025,1.1340206185567,1.11119272490672,1.15323854660348,1.1518771331058,1.1340206185567,1.09389881485195,1.10601001669449,1.16130339298387,1.13407400684438,1.12710363153233,1.16877045348294,1.13930605903677,1.1507579316996,1.14263555739268,1.1671529804085,1.15093810668554,1.1576634641494,1.17576446450248,1.18016372039977,1.1730435166954,1.18025751072961,1.14840565811556,1.16279069767442,1.17011472620899,1.18173936094926,1.19995467624192,1.17145899893504,1.17268602120665,1.17011472620899,1.16796171694572,1.20619464973232,1.19825708061002,1.20720959717762,1.21872970897937,1.17427053896701
"30022","Johns Creek","GA","Atlanta-Sandy Springs-Roswell","Fulton County",57,,,,,,,,,,,,,,,,,,,,,,,,,,,,,,,,,,,,,,,,,,,,,,,,,,,,,,,,,,,,,,,,,,,,,,,,,0.802529182879377,0.787944807552651,0.872873769024172,0.944926325383564,0.894509561998766,0.869936438126623,0.864745011086475,0.871959614502065,0.894509561998766,0.892857142857143,0.898346898758168,0.881159432134888,0.868983957219251,0.893504780999383,0.871762105295363,0.85370449374289,0.88261253309797,0.866755793226381,0.888888888888889,0.88878494958944,0.87551652892562,0.886254789272031,0.894509561998766,0.894509561998766,0.878320479862896,0.882079851439183,0.892401835798062,0.894509561998766,0.937808489634748,0.935412026726058,0.915970287836583,0.887773461134286,0.833656455990694
"91710","Chino","CA","Riverside-San Bernardino-Ontario","San Bernardino County",58,,,,,,,,,,,,,,,,,,,,,,,,,,,,,,,,,,,,,,,,,,,,,,,,,,,,,,,,,,,,,,,,,,,,,,,,,1.0717230008244,1.12337662337662,1.08861726508785,1.08417574217848,1.12704918032787,1.21664684654074,1.2291052114061,1.15597358647315,1.14836423699915,1.14583333333333,1.12596719806109,1.13520444944274,1.16705568522841,1.1370458549255,1.13918806959403,1.13746369796709,1.18206151118385,1.22841050527401,1.17801047120419,1.19375573921028,1.24140565317036,1.24755381604697,1.25840972760644,1.24090537149955,1.16883116883117,1.18464052287582,1.13108600963618,1.1446025205944,1.17021276595745,1.31120383827965,1.25133838343332,1.15594787725935,1.21123591256335
"32828","Orlando","FL","Orlando-Kissimmee-Sanford","Orange County",59,,,,,,,0.68908092965477,0.691420429751749,0.701816669246247,0.672424139130929,0.668087196250777,0.672375690607735,0.663763414829971,0.661051729169707,0.670031055900621,0.642679900744417,0.678550891316849,0.683005142728504,0.700123915737299,0.684156378600823,0.676402863877553,0.679824561403509,0.672366484963686,0.684931506849315,0.686515748031496,0.681554384322815,0.671578947368421,0.686515748031496,0.703865842812009,0.694389176283327,0.702574800066577,0.721427983817758,0.737410071942446,0.715274573142593,0.698254364089776,0.698254364089776,0.699720223820943,0.704310064391073,0.698434983215984,0.698271835590845,0.70290104865924,0.723172628304821,0.730152200740436,0.733755845434408,0.708908406524467,0.723172628304821,0.715531103958843,0.723093442461983,0.701541925077129,0.721302998965874,0.744723080926593,0.745327102803738,0.742968299807255,0.732217573221757,0.742769294318774,0.730994152046784,0.708426547352722,0.744756574657683,0.741837524636756,0.747181856482058,0.75,0.746850118061441,0.735960144927536,0.747588424437299,0.745327102803738,0.771360759493671,0.750924214417745,0.750885896527286,0.745327102803738,0.732217573221757,0.722993563619362,0.723192019950125,0.747084548104956,0.760432007854688,0.767263427109974,0.776617236537364,0.781804516733491,0.804941969299888,0.816162787153198,0.784708249496982,0.753873250070697,0.769178184396426,0.752823086574655,0.802171290711701,0.827479343546594,0.8183526500671,0.821917808219178,0.78125,0.801836762316934,0.841521168942724,0.848328485236821,0.873138161273755,0.817096541619183,0.798359852707679,0.820487319741422,0.820487319741422,0.81555834378921,0.828729281767956,0.856793145654835,0.908272058823529,0.892301710730949,0.87594696969697,0.85972850678733,0.892301710730949,0.879733351182843
"94568","Dublin","CA","San Francisco-Oakland-Hayward","Alameda County",60,,,,,,,,,,,,,,,,,,,,,,,,,,,,,,,,,,,,,,,,,,,,,,,,,,,,,,,,,,,,,,,,,,,,,,,,,,,,,,,,,,,,,,,,,1.83282056984704,1.8005540166205,1.74772036474164,1.8,1.78882528621205,1.77674777906528,1.80216802168022,1.77514792899408,1.77364864864865,1.63867267513314,1.74449786089181,1.82565038795071,1.84162062615101,1.82926829268293,1.88634192932187,1.7921146953405,1.81114172197493
"89031","North Las Vegas","NV","Las Vegas-Henderson-Paradise","Clark County",61,,,,,0.643294475547716,0.655779314350211,0.642343268242549,0.647770127799149,0.632911392405063,0.634399947073612,0.63588850174216,0.646502384737679,0.628122765725379,0.626976587470576,0.624215809284818,0.646950092421442,0.652642419336106,0.638695884553715,0.642523364485981,0.635740436154339,0.638792102206736,0.625979623824451,0.618453203431774,0.616142945163278,0.617647058823529,0.620779388302753,0.611995104039168,0.616649537512847,0.627862336949422,0.626235992089651,0.633767064965912,0.638421573145131,0.632926859447889,0.63013698630137,0.632911392405063,0.621875,0.62015503875969,0.629447181171319,0.63006300630063,0.632307570362421,0.644541963795941,0.632911392405063,0.638914767680908,0.635039029050414,0.640454995054402,0.630104802420228,0.618148991961484,0.62171572835713,0.630099996301,0.624350311850312,0.628667225481978,0.626348695298294,0.641613198900092,0.632938187976291,0.647209319617282,0.661386832990732,0.651602732527588,0.645161290322581,0.640073321498443,0.631807985664253,0.647249190938511,0.650650650650651,0.655563457071066,0.673178458289335,0.654912005002761,0.688548864758144,0.687364161943451,0.685145350879463,0.677139761646804,0.641630901287554,0.655733193505426,0.684931506849315,0.652721774193548,0.688924218335983,0.699086808173749,0.712250712250712,0.712713263621354,0.716901311340811,0.705368289637953,0.723028105167724,0.714715516294186,0.716855087358685,0.715974713490663,0.702702702702703,0.711009174311927,0.742528378651179,0.749586122607705,0.74796225194189,0.75839653304442,0.752064376488111,0.767018216682646,0.76579364379646,0.787978992413927,0.774912958221819,0.800985828712261,0.799028670364175,0.801490883997966,0.801699716713881,0.797297297297297,0.858547597638636,0.930102675852259,0.86902953135783,0.870244237904438,0.868685959432717,0.869360902255639
"30135","Douglasville","GA","Atlanta-Sandy Springs-Roswell","Douglas County",62,,,,,,,,,,,,,,,,,,,,,,,,,,,,,,,,,,,,,,,,,,,,,,,,,,,,,,,,,,,,,,,,,,,,,,,,,,,,,,,,,,,,,,,,,,0.639803052971523,0.65938864628821,0.641382049245433,0.6330242510699,0.70983446932814,0.685135537682455,0.653061224489796,0.653061224489796,0.656565656565657,0.697755960729313,0.691688553030037,0.683809523809524,0.680015860428232,0.68859011627907,0.747224594363792,0.75562786457231
"93536","Lancaster","CA","Los Angeles-Long Beach-Anaheim","Los Angeles County",63,,,,,,,,,,,,,,,,,,,,,,,,,,,,,,,,,,,,,,,,,,,,,,,,,,,,,,,,,,,,,,,,,,,,,,,,,,,,,,,,,,,,,,,,,,,,0.949382269657612,0.886865555986052,0.914248880366192,0.970000544560617,0.967387449816072,0.944298111020186,0.919471153846154,0.982716049382716,0.976036484245439,0.883746355685131,0.954545454545455,1.01905183872397,0.989583333333333,0.978921509403568
"94509","Antioch","CA","San Francisco-Oakland-Hayward","Contra Costa County",64,,,,,,,,,,,,,,,,,,,,,,,,,,,,,,,,,,,,,,,,,,,,,,,,,,,,,,,,,,,,,,,,,,,,,,,,,1.12017522401895,1.1733739863708,1.20274324903558,1.13094424129841,1.09783212896053,1.01160261058738,1.07282132908874,1.11342339676783,1.21951219512195,1.23270750988142,1.17208672086721,1.06257378984652,1.17302052785924,1.11889307361232,1.2218045112782,1.30508340495769,1.28589798542649,1.2921790457452,1.19512195121951,1.22863247863248,1.3413992635455,1.20751341681574,1.36876006441224,1.32013201320132,1.26582278481013,1.31115459882583,1.28958980615579,1.21248097412481,1.1971811292631,1.17252931323283,1.19760479041916,1.24497991967871,1.33507549361208
"60615","Chicago","IL","Chicago-Naperville-Elgin","Cook County",65,,,,,,,,,,,,,,,,,,,,,,,,,,,,,,,,,,,,,,,,,,,,,,,,,,,,,,,,,,,,,,,,,,,,,,,,,,,,,,,,,,,,,,,,,,,,,,1.70740223463687,1.70740223463687,1.70740223463687,1.70740223463687,1.70740223463687,1.70740223463687,1.70740223463687,1.70740223463687,1.78072625698324,1.75040849673203,1.64730483271375,1.73611111111111
"89123","Las Vegas","NV","Las Vegas-Henderson-Paradise","Clark County",66,,,,,,,,,,,,,,,,,,,,,,,,,,,,,,,,,,,,,,,,,,,,,,,,,,,,,,,,,,,,,,,,,,,,,,,,,0.747422680412371,0.717555901261869,0.72291582762787,0.742043045099324,0.733510176222388,0.790113283558485,0.806451612903226,0.786692727576207,0.810038349806545,0.792467812870863,0.761296660117878,0.756578947368421,0.748240009545711,0.738068812430633,0.791495310112371,0.828877005347594,0.78704703834867,0.825636864076692,0.785330948121646,0.778331139359773,0.815192695464485,0.82132568312329,0.829864724245578,0.812149935372684,0.830556758845913,0.833333333333333,0.84005376344086,0.874794969928923,0.860235213328042,0.873320424360535,0.874794969928923,0.884086444007859,0.886917960088692
"30253","McDonough","GA","Atlanta-Sandy Springs-Roswell","Henry County",67,,,,,,,,,,,,,,,,,,,,,,,,,,,,,,,,,,,,,,,,,,,,,,,,,,,,,,,,,,,,,,,,,,,,,,,,,0.591949486977111,0.604319114430801,0.597924187725632,0.612366230677765,0.621999127018769,0.623639134746544,0.61613144137416,0.61613144137416,0.616677010022051,0.652859072489869,0.632227812755196,0.660702354562029,0.660511363636364,0.656474820143885,0.660361819742343,0.633971291866029,0.677129060798788,0.693574399247327,0.702022966015915,0.692715872893889,0.685663726694431,0.686612139474817,0.705854579792257,0.718620744442175,0.736415637971546,0.711375844324267,0.739268680445151,0.721500721500722,0.718132854578097,0.720725319014134,0.716781185024592,0.715409430113426,0.716397108340075
"75002","Allen","TX","Dallas-Fort Worth-Arlington","Collin County",68,,,,,,,,,,,,,,,,,,,,,,,,,,,,,,,,,,,,,,,,,,,,,,,,,,,,,,,,,,,,,,,,,,,,,,,,,0.808080808080808,0.777219650941029,0.810868635002139,0.835792218137628,0.837138508371385,0.858926692370291,0.857519788918206,0.795624134398846,0.822282077064897,0.81772498857926,0.783928571428571,0.793100321864092,0.808631844585409,0.803973013493253,0.830395139580944,0.83385600747157,0.827322868052609,0.878535002318034,0.857421875,0.814202474561995,0.806858502498976,0.807807465237619,0.824716210185753,0.805974165769645,0.847412961226448,0.851466414380322,0.843437775624991,0.856357724370088,0.87719298245614,0.841220103515186,0.84473049074819,0.828290193749709,0.824230960500142
"33467","Greenacres","FL","Miami-Fort Lauderdale-West Palm Beach","Palm Beach County",69,,,,,,,,,,,,,,,,,,,,,,,,,,,,,,,,,,,,,,,,,,,,,,,,,,,,,,,,,,,,,,,,,,,,,,,,,,,,,,,,,,,,,,,,,1.08493744956243,1.104052686035,1.1228813559322,1.11856823266219,1.1228813559322,1.16633097892065,1.14185331576636,1.08005893909627,1.15212527964206,1.168430335097,1.15212527964206,1.13984674329502,1.14165181455283,1.13903240958196,1.11601314847941,1.10998786898504,1.12130707251567
"33157","Village of Palmetto Bay","FL","Miami-Fort Lauderdale-West Palm Beach","Miami-Dade County",70,,,,,,,,,,,,,,,,,,,,,,,,,,,,,,,,,,,,,,,,,,,,,,,,,,,,,,,,,,,,,,,,,,,,,,,,,,,,1.16026105873822,1.26029735435476,1.27906976744186,1.24866105702263,1.24941157973732,1.19851777052416,1.17058108637312,1.24862284245318,1.24862284245318,1.309389425848,1.29748622161445,1.29555967877275,1.26115032012898,1.31045503216367,1.28205128205128,1.25432525951557,1.29948020791683,1.2654702970297,1.24198717948718,1.22735242548217,1.27239399712892,1.26967782367409,1.30208333333333,1.2654702970297,1.30208333333333,1.36861313868613,1.33836858006042,1.32275132275132,1.32881617211275,1.28913443830571
"94513","Brentwood","CA","San Francisco-Oakland-Hayward","Contra Costa County",71,,,,,,,,,,,,,,,,,,,,,,,,,,,,,,,,,,,,,,,,,,,,,,,,,,,,,,,,,,,,,,,,1.08394833948339,1.08591003700076,0.949620151939224,1.06969425942771,1.14793467819404,1.10905349794239,1.04127928597992,1.03185284881113,1.04314841156946,1.09367266149238,1.10423044330867,1.07447285778376,1.00456621004566,1.03059273422562,1.06463878326996,1.09460516028147,1.11472364143056,1.11317637339942,1.13983969219596,1.10229276895944,1.10734124447205,1.19397463002114,1.21383030897499,1.20874012087401,1.10351618357184,1.09351432880845,1.09289617486339,1.13330772185939,1.09417891685266,1.11031518624642,1.11031518624642,1.16419919246299,1.13255033557047,1.09289617486339,1.1518937914877,1.18845500848896,1.20285590706118,1.12734864300626,1.18687598492007,1.29078694817658,1.22317596566524,1.16629044394281
"60637","Chicago","IL","Chicago-Naperville-Elgin","Cook County",72,,,,,,,,,,,,,,,,,,,,,,,,,,,,,,,,,,,,,,,,,,,,,,,,,,,,,,,,,,,,,,,,,,,,,,,,,1,1,1.03508472765524,1.09725140056022,1.06628787878788,1.08514492753623,1.04166666666667,1.08695652173913,1.08514492753623,1.10555555555556,1.04166666666667,1.04166666666667,1.04166666666667,1.04166666666667,1.04166666666667,1.04651162790698,1.04166666666667,1.04166666666667,1,0.984625668449198,0.969251336898396,1,1,1.04166666666667,1.08599508599509,1.10714285714286,1.04166666666667,1.08712121212121,1.11538461538462,1.05844155844156,1.09090909090909,1.13636363636364,1.13636363636364
"30066","Marietta","GA","Atlanta-Sandy Springs-Roswell","Cobb County",73,,,,,,,,,,,,,,,,,,,,,,,,,,,,,,,,,,,,,,,,,,,,,,,,,,,,,,,,,,,,,,,,,,,,,,,,,,,,,,,,,,,,,,,0.818640974519077,0.843051506316812,0.822872441190564,0.830518018018018,0.826443219535325,0.795453739818499,0.799481417458946,0.799806107610276,0.813278008298755,0.859884836852207,0.869120654396728,0.869781312127237,0.876043405676127,0.838970039444727,0.841619887730553,0.847457627118644,0.838137124309096,0.835189309576837,0.815166193287842
"77346","Atascocita","TX","Houston-The Woodlands-Sugar Land","Harris County",73,,,,,,,,,,,,,,,,,,,,,,,,,,,,,,,,,,,,,0.671019223793979,0.674019607843137,0.671499990613766,0.692273336310853,0.72661217075386,0.726321905868681,0.714601238267556,0.684128225175919,0.678875259040773,0.688592403655925,0.730119783687112,0.725537162198557,0.727715642928992,0.744106599141696,0.775,0.751072961373391,0.75252915625757,0.743243243243243,0.777146208335225,0.777146208335225,0.760431541838846,0.757986815415821,0.731594881713601,0.74719800747198,0.750401100721573,0.77820787669501,0.795753252128516,0.79668440575267,0.743243243243243,0.775430794886048,0.723683464475816,0.732643380767572,0.758366602433979,0.692678388870809,0.7274490785645,0.720805553149145,0.709982788296041,0.716469239587314,0.722059439095856,0.743878674913158,0.723814942091526,0.735253047634197,0.755494505494505,0.75944170771757,0.764805431043172,0.74254150292726,0.749072546084865,0.741742752173439,0.739219712525667,0.75324235131163,0.772849462365591,0.76466078957455,0.76466078957455,0.761418915611302,0.751141552511416,0.754310442149728,0.729211087420043,0.702725724020443,0.711237553342816,0.702952842661966,0.732421875,0.730841748803555,0.757575757575758,0.767634854771784,0.76599634369287,0.786384976525822,0.773230832437072,0.764065755962028,0.764065755962028
"75070","McKinney","TX","Dallas-Fort Worth-Arlington","Collin County",75,,,0.655703875258747,0.670967227025068,0.699499364272092,0.695903832596296,0.697144592952612,0.664043285784555,0.653994593743092,0.640750614292686,0.638109047352421,0.635871909143186,0.659194960600615,0.692407146905475,0.698893655820315,0.702711671806945,0.701611767397526,0.715380684721513,0.697410244055016,0.732217573221757,0.685195951757673,0.699243306169965,0.709391003290486,0.729857574659917,0.756566940363658,0.762919021595279,0.726211858631157,0.745315161839864,0.772522379997785,0.732118617032219,0.731922461573624,0.725094577553594,0.740242261103634,0.735615087576883,0.706749459118492,0.705996131528046,0.739131669012587,0.73536645351697,0.740917782026769,0.741911491260692,0.748312078019505,0.75331426323389,0.76844262295082,0.7555077977186,0.759831431333337,0.732673267326733,0.741553312856516,0.757334932708782,0.783986663696095,0.783410138248848,0.760103417396077,0.775043177892919,0.80719557195572,0.785105428443248,0.784554845056567,0.784554845056567,0.806451612903226,0.797665369649806,0.790372585601405,0.770756077066295,0.78587962962963,0.785245901639344,0.785175665041296,0.776188859398369,0.776736952445315,0.815093106827834,0.82221487678703,0.824796046171836,0.834919940681615,0.807291628296913,0.820352848041618,0.806374881065652,0.806572306516582,0.806134486826583,0.807069846678024,0.820513683643586,0.844736405725389,0.838762176790346,0.831024930747922,0.813323005422153,0.809574714008265,0.804259196901295,0.815538391640164,0.813583657183608,0.8071367884452,0.812591770880426,0.839435640279692,0.848464839881149,0.840336134453782,0.839693689076993,0.846088767408564,0.850314931456095,0.841286289634852,0.817555938037866,0.851863454370918,0.851746765989099,0.844673862036603,0.840211290855068,0.840571588680303,0.854652881609352,0.858263854830799,0.847568486002957,0.834938985228003,0.86139896373057,0.827311597645524
"96706","Ewa Beach","HI","Urban Honolulu","Honolulu County",76,,,,,,,,,,,,,,,,,,,,,,,,,,,,,,,,,,,,,,,,,,,,,,,,,,,,,,,,,,,,,,,,,,,,,,,,,1.82196772514315,1.7555266579974,1.77481974486966,1.82444540103312,1.85387505644069,1.84481823114487,1.83492955348402,1.76991150442478,1.80500284252416,1.82692307692308,1.7994770825901,1.80500284252416,1.78735105407883,1.77729734737026,1.78645945644496,1.84091404226477,1.82692307692308,1.82992788461538,1.82716712221788,1.90637065637066,1.81279190451479,1.84921763869132,1.82200420462509,1.80722891566265,1.80412371134021,1.82553050397878,1.90735694822888,1.91206896551724,1.90144356955381,1.87304890738814,1.87708126332537,1.82196772514315,1.82413793103448
"77375","Tomball","TX","Houston-The Woodlands-Sugar Land","Harris County",77,,,,,,,,,,,,,,,,,,,,,,,,,,,,,,,,,,,,,,,,,,,,,,,,,,,,,,,,,,,,,,,,,,,,,,,,0.715002508780733,0.723993400987225,0.802854122621565,0.810309768862845,0.81793259751275,0.814785380026934,0.815381468314429,0.810795299737393,0.76856390747759,0.746450342107956,0.791527838771886,0.792393026941363,0.79945180447693,0.797867906219885,0.803616273229533,0.861608203341516,0.857635456385633,0.829132294531011,0.81921251226486,0.841731333721227,0.807060994560995,0.808566433566434,0.767257316897317,0.739139515455305,0.751718213058419,0.784183965117284,0.823529411764706,0.819276203071929,0.825808878856283,0.835074768653835,0.822210772905091,0.819422533066833,0.831353919239905,0.847915686691046
"92620","Irvine","CA","Los Angeles-Long Beach-Anaheim","Orange County",78,,,,,,,,,,,,,,,,,,,,,,,,,,,,,,,,,,,,,,,,,,,,,,,,,,,,,,,,,,,,,,,,,,,,,,,,,1.60818713450292,1.63992869875223,1.66465590739083,1.63461538461538,1.65795724465558,1.69154228855721,1.65274582526511,1.66193004914417,1.66839699801569,1.65067178502879,1.66728417932568,1.66659507916535,1.67100371747212,1.67067328529243,1.69340463458111,1.69799231097821,1.67744543249798,1.66973065099529,1.68766290577648,1.67799674248288,1.66853369127298,1.67344097550047,1.63870464299649,1.66970248937462,1.67117143584621,1.67274939172749,1.6726403823178,1.67414065784469,1.67814113597246,1.73989814721665,1.71813832100913,1.72,1.6673792218897
"89148","Las Vegas","NV","Las Vegas-Henderson-Paradise","Clark County",79,,,,,0.674482179327201,0.673787997302372,0.666370501999112,0.665322580645161,0.663133248103779,0.658122618635262,0.661608825765798,0.658329400660689,0.665280665280665,0.665280665280665,0.655872667398463,0.665280665280665,0.664714966136557,0.658491110168199,0.647326377620041,0.643021539363003,0.640221896576854,0.650652985074627,0.645422371779995,0.637699956766105,0.621794871794872,0.63780737704918,0.631215714508304,0.64432439821156,0.656704563356614,0.66129959746981,0.666293393057111,0.65210843373494,0.667874730001359,0.648510206669202,0.650406504065041,0.643952061154906,0.642254601226994,0.653167864141084,0.653940902255877,0.64968814968815,0.664825372010411,0.653493773777356,0.659229208924949,0.681807681827,0.669914835808572,0.676056338028169,0.663001227960724,0.664149266992448,0.657949447423132,0.656470588235294,0.669092945128779,0.653167864141084,0.669267962032747,0.688582852065749,0.677736271681422,0.666370501999112,0.666370501999112,0.659068384539148,0.658823529411765,0.663064833005894,0.676305970149254,0.676056338028169,0.6767665075303,0.67338108563312,0.704607046070461,0.70856438693777,0.707996717675896,0.703107199817726,0.675858340091917,0.688612697346322,0.718046587645683,0.677757239679606,0.701319607044691,0.694102604384862,0.703733479409443,0.710551330798479,0.694633472101872,0.698591397018268,0.713194178117809,0.717379578819005,0.711265959511871,0.720197150105815,0.713214701598127,0.713214701598127,0.717781402936378,0.727650727650728,0.708573967125722,0.730517043097853,0.758101130655486,0.752998667258996,0.774393391843056,0.769230769230769,0.762716153573158,0.760498200011623,0.782865325680411,0.759408602150538,0.769653655854865,0.776625247250839,0.765912908165786,0.770348797361892,0.798614063809961,0.797401063201418,0.776470588235294,0.776332354175409,0.796497916833458
"89074","Henderson","NV","Las Vegas-Henderson-Paradise","Clark County",80,,,,,,,,,,,,,,,,,,,,,,,,,,,,,,,,,,,,,,,,,,,,,,,,,,,,,,,,,,,,,,,,,,,,0.747381552343081,0.735992402659069,0.72840790842872,0.739732805541811,0.760375774341033,0.735068360349572,0.738884045335658,0.772285966460724,0.761977573904179,0.767958656330749,0.801913337084975,0.791686127977581,0.828472295061646,0.809822361546499,0.789444722439365,0.749969308808242,0.769838136596921,0.769838136596921,0.771540078054638,0.797645059360928,0.793556085918854,0.825078616352201,0.844980940279543,0.835517397198373,0.867453157529493,0.84411930219471,0.84136546184739,0.836593245945701,0.823674817219677,0.822989746357259,0.849905303030303,0.837591258619201,0.879776218413776,0.836610277614804,0.838393274170948,0.871447636566935,0.869083977363253,0.898489885465416
"83646","Meridian","ID","Boise City","Ada County",81,,,,,,,,,,,,,,,,,,,,,,,,,,,,,,,,,,,,,,,,,,,,,,,,,,,,,,,,,,,,,,,,,,,,,,,,,,,,,,,,,,,,,,,,,0.814574266646805,0.853397538790797,0.887434554973822,0.845189280348586,0.759750683884091,0.872956961317136,0.823431097647218,0.837871001703306,0.799111073319434,0.831289847964689,0.863605641780238,0.83868606401538,0.884046173026335,0.947220156761784,0.881670533642691,0.832878208629164,0.846653346653347
"33414","Wellington","FL","Miami-Fort Lauderdale-West Palm Beach","Palm Beach County",82,,,,,,,,,,,,,,,,,,,,,,,,,,,,,,,,,,,,,,,,,,,,,,,,,,,,,,,,,,,,,,,,,,,,,,,,,,,,,,,,,,,,,,1.14272827391867,1.1507750117426,1.15151515151515,1.10328638497653,1.07570567403063,1.14453080188138,1.18988163972286,1.28298232873396,1.29665535627727,1.24291817785909,1.25453086238553,1.11480075901328,1.03681852950547,1.09679803480327,1.13430908308222,1.12229102167183,1.10340196956133,1.19544670821601,1.24438454627134,1.30134200894673
"30101","Acworth","GA","Atlanta-Sandy Springs-Roswell","Cobb County",83,,,,,,,,,,,,,,,,,,,,,,,,,,,,,,,,,,,,,,,,,,,,,,,,,,,,,,,,,,,,,,,,,,,,,,,,,0.663325702306517,0.70044043258329,0.675675675675676,0.706436420722135,0.699150824398594,0.679708518943236,0.707825403067243,0.737883495839137,0.731089022588811,0.704201680672269,0.67664912990692,0.684925358205596,0.759427374301676,0.723938223938224,0.737180439216618,0.716728329809725,0.712824834245539,0.753348214285714,0.715909090909091,0.740131578947368,0.746696035242291,0.701531825698708,0.746738641475484,0.718333458139883,0.713904904355254,0.740794872339973,0.757030979415993,0.768397768452625,0.839694019251089,0.764957444132321,0.760869565217391,0.769045323047252,0.763658690935391
"92618","Irvine","CA","Los Angeles-Long Beach-Anaheim","Orange County",84,,,,,,,,,,,,,,,,,,,,,,,,,,,,,,,,,,,,,,,,,,,,,,,,,,,,,,,,,,,,,,,,,,,,,,,,,1.66978776529338,1.80967584402182,1.78662582950485,1.825,1.73259316422295,1.82154575365375,1.76445578231293,1.76999007229272,1.82160804020101,1.78348214285714,1.76829355848482,1.7945152303774,1.7351598173516,1.73872180451128,1.7578125,1.81905217807563,1.81905217807563,1.79980730736966,1.71756942995699,1.74878835122563,1.70417596234142,1.69855525185474,1.67567567567568,1.69530887134231,1.67465792151985,1.69557195571956,1.67567567567568,1.67196728759655,1.70590957107811,1.66305133767173,1.72207694497353,1.80789662405479,1.71657448025939
"92130","San Diego","CA","San Diego-Carlsbad","San Diego County",85,,,,,,,,,,,,,,,,,,,,,,,,,,,,,,,,,,,,,,,,,,,,,,,,,,,,,,,,,,,,,,,,,,,,,,,,,1.68013611229264,1.68013611229264,1.70954086616737,1.7416123124262,1.72951516869861,1.73997100048333,1.7329448961396,1.74946443354944,1.74029298397297,1.73267326732673,1.71306209850107,1.70268336148229,1.7005858038668,1.72143974960876,1.71327367636092,1.74418604651163,1.83881064162754,1.81539807524059,1.77482968806024,1.7804233004169,1.78840361445783,1.76317743132888,1.80395558639833,1.83398955016707,1.81840551181102,1.82590233545648,1.79352580927384,1.85421573402311,1.86489846663904,1.84899845916795,1.83743567509169,1.79466901710221,1.75681923254739
"77070","Houston","TX","Houston-The Woodlands-Sugar Land","Harris County",86,,,,,,,,,,,,,,,,,,,,,,,,,,,,,,,,,,,,,,,,,,,,,,,,,,,,,,,,,,,,,,,,,,,,,,,,,,0.698529671966828,0.729405630865485,0.75098814229249,0.72463768115942,0.694939680275747,0.727883538633819,0.718439958946288,0.716042925087501,0.747998901066263,0.714285714285714,0.720568864318864,0.727773406766326,0.733619206131422,0.74591393161038,0.744400248250959,0.708548387367437,0.765157048940833,0.796703296703297,0.798148148148148,0.774920842886778,0.742668731688376,0.767215568862275,0.753668297020898,0.731236117732546,0.735965578840719,0.735965578840719,0.745573159366263,0.763122266650553,0.783186032588606,0.776872134488028,0.731253225362992,0.737670900862028
"73013","Edmond","OK","Oklahoma City","Oklahoma County",87,,,,,,,,,,,,,,,,,,,,,,,,,,,,,,,,,,,,,,,,,,,,,,,,,,,,,,,,,,,,,,,,,,,,,,,,,,,,,,,,,,,,,,,0.846611573562328,0.836980306345733,0.847496554892053,0.833902238019028,0.844632768361582,0.857477998362669,0.852883675464321,0.831319896501824,0.849142221347719,0.825892857142857,0.825892857142857,0.875,0.859770270648011,0.897739253852393,0.909010770339254,0.880298966924095,0.855487843896107,0.822048502992944,0.839887640449438
"77373","Spring","TX","Houston-The Woodlands-Sugar Land","Harris County",88,,,,,,,,,,,,,,,,,,,,,,,,,,,,,,,,,,,,,,,,,,,,,,,,,,,,,,,,,,,,,,,,,,,,,,,,,0.730846774193548,0.700216951216947,0.715576178772212,0.715720743345053,0.715720743345053,0.724891802987812,0.742091526915574,0.742447516641065,0.749206369767162,0.752980583938797,0.752375923970433,0.728450020234723,0.75599551532719,0.749098032059234,0.740954391591949,0.763186813186813,0.733390854184642,0.730769230769231,0.743405275779377,0.750722134869177,0.743405275779377,0.745152227786056,0.736758225243507,0.745060339126155,0.750750750750751,0.757575757575758,0.752032520325203,0.759287598944591,0.756369426751592,0.809822361546499,0.799098196392786,0.770686857760952,0.713507625272331
"92563","Murrieta","CA","Riverside-San Bernardino-Ontario","Riverside County",89,,,,,,,,,,,,,,,,,,,,,,,,,,,,,,,,,,,,,,,,,,,,,,,,,,,,,,,,,,,,,,,,,0.759492573435813,0.861615245009074,0.793005286701911,0.75875486381323,0.822309617447265,0.84110075454949,0.762602481558055,0.784560252672498,0.810680582257622,0.829871601208459,0.831439393939394,0.815348220142296,0.84110075454949,0.906987295825771,0.933726950137543,0.886613386613387,0.887573964497041,0.860987838332213,0.896656175058469,0.916828315200585,0.881087784639871,0.886613386613387,0.882352941176471,0.868346791480262,0.862068965517241,0.866691842900302,0.91468253968254,0.894672631150874,0.862657465728047,0.910562525293404,0.922104750031965,0.929516727618721,0.898909682272151,0.900625577030606,0.921966798125804,0.911249086924763,0.910714285714286,0.942220543806647,0.946852540828066,0.912698412698413,0.90595340811044
"33578","Riverview","FL","Tampa-St. Petersburg-Clearwater","Hillsborough County",90,,,,,,,,,,,,,,,,,,,,,,,,,,,,,,,,,,,,,,,,,,,,,,,,,,,,,,,,,,,,,,,,,,,,,,,,0.791928785856335,0.789035523341681,0.819672131147541,0.807507559708324,0.824561403508772,0.840610184745251,0.841942148760331,0.815439672801636,0.808383233532934,0.811019567456231,0.813671113949474,0.81542933523579,0.841566630698678,0.852272727272727,0.834834834834835,0.853783231083845,0.824212519936204,0.832205617822056,0.858591646672532,0.830292329989568,0.831162063574779,0.834767367382607,0.834975369458128,0.830699774266366,0.850471741959472,0.868484235832953,0.852272727272727,0.861650485436893,0.887874175545408,0.862431852573996,0.90313867903801,0.92280163599182,0.926438053097345,0.896177685950413
"89147","Las Vegas","NV","Las Vegas-Henderson-Paradise","Clark County",91,,,,,,,,,,,,,0.655515370705244,0.660438144329897,0.674909014259478,0.668303327877796,0.666370501999112,0.679963735267452,0.663390663390663,0.656857593273778,0.661051556916794,0.65720294426919,0.656857593273778,0.664798451688479,0.679406622699971,0.683131897004729,0.683426573943376,0.693251533742331,0.678541136556404,0.660438144329897,0.684427368940617,0.693251533742331,0.703191083146217,0.688511238011567,0.678519002516198,0.689995071463775,0.691533948030176,0.69453829172206,0.692561983471074,0.690271816881259,0.69091719290404,0.695825049701789,0.687002652519894,0.678257546809324,0.656186481989511,0.674200424897353,0.681223318967754,0.680504466631634,0.706070035845118,0.695488721804511,0.706596165550822,0.711098717233687,0.729549384283466,0.729743331655762,0.704592901878914,0.707866062196771,0.701571034496685,0.704592901878914,0.679847609038361,0.675887265135699,0.699966588706983,0.709406200735681,0.758553905745642,0.704592901878914,0.714627151051625,0.721377261463302,0.69453829172206,0.729232720355105,0.706646402063602,0.700208975790352,0.719704817434714,0.695825049701789,0.725026852846402,0.721164094264398,0.733053074093536,0.757820058045792,0.784409295653252,0.75207468879668,0.72125583368689,0.733735691305533,0.760755508919203,0.749235228784774,0.764624473366007,0.767872873647872,0.762498585255964,0.753095740426647,0.773943889068043,0.77490297901678,0.783699540897017,0.811161583387411,0.806109461179465,0.818299872810821,0.847893114080164,0.837257383060037,0.775414937759336,0.787041953115455,0.814931650893796,0.792644261255549,0.782858011461649,0.832641198712175,0.901687027341478,0.838050838050838,0.830258302583026,0.836870989133783,0.827301133375538
"30144","Kennesaw","GA","Atlanta-Sandy Springs-Roswell","Cobb County",92,,,,,,,,,,,,,,,,,,,,,,,,,,,,,,,,,,,,,,,,,,,,,,,,,,,,,,,,,,,,,,,,,,,,,,,,,,,,,,,,,,,,,,,,,,,,,,0.737775854608395,0.726851106437362,0.770583367811336,0.749421496068236,0.764536815549514,0.790664500973088,0.784469105197695,0.786109927567107,0.806423611111111,0.81936659109437,0.799915576192486,0.809426229508197
"29229","Columbia","SC","Columbia","Richland County",93,,,,,,,,,,,,,,,,,,,,,,,,,,,,,,,,,,,,,,,,,,,,,,,,,,,,,,,,,,,,,,,,,,,,,,,,,0.647381263123653,0.65172757385574,0.635208711433757,0.637260237809731,0.654852482894922,0.657284478447845,0.65359477124183,0.636641927984704,0.622083981337481,0.625,0.634830298146906,0.649700108441772,0.653527240590559,0.638185539059708,0.651075326194796,0.65710543111916,0.643564356435644,0.64957264957265,0.683796104434314,0.638984397225103,0.645896102793398,0.656788659611369,0.647080028839221,0.647149279229616,0.652610441767068,0.691747572815534,0.691747572815534,0.696728801169591,0.692717584369449,0.692717584369449,0.693512304250559,0.638615976078599,0.649458713593407
"75068","Little Elm","TX","Dallas-Fort Worth-Arlington","Denton County",94,,,,,,,,,,,,,,,,,,,,,,,,,,,0.665750196386489,0.685781610544018,0.729755178907721,0.719745222929936,0.66948389147944,0.71733229934083,0.688888888888889,0.693404535192805,0.707403651115619,0.702310829179882,0.71656050955414,0.712981267473345,0.709682297486206,0.705033361379001,0.689790103546554,0.709750551179759,0.699044585987261,0.754679410593389,0.736669722636696,0.737823825071672,0.780332681017613,0.732899022801303,0.731881107491857,0.70506881879615,0.748218527315915,0.749034749034749,0.730240549828179,0.75,0.779693365864982,0.760649087221095,0.776089828269485,0.748218527315915,0.75,0.748930099857347,0.776942355889724,0.779896013864818,0.780487804878049,0.803440671930346,0.785457809694794,0.75634792004322,0.749265426052889,0.766045428561821,0.803402646502836,0.787273313970472,0.811359026369168,0.754288597376388,0.800981704596162,0.809963099630996,0.802192175549499,0.80624496613703,0.814402057436777,0.813338755591704,0.831724971515437,0.812064965197216,0.780608052588332,0.777041027766266,0.820864505403159,0.814830252506947,0.81963249516441,0.809917355371901,0.814517119974798,0.82778706940425,0.825,0.847816871555744,0.838978275641411,0.844705882352941,0.837523277467412,0.832139095593601,0.813500285849973,0.807824285302547,0.830933515203531,0.848892100192678,0.875118259224219,0.902612826603325,0.882628297067999,0.86657912691976,0.85348506401138,0.821720590677464,0.879846026945285
"33178","Doral","FL","Miami-Fort Lauderdale-West Palm Beach","Miami-Dade County",95,,1.11396157292969,1.10642781875659,1.16160038051196,1.16156282998944,1.16812877103842,1.18264186933715,1.20036482334869,1.21352385380384,1.19653006281783,1.18858954041204,1.18082481494536,1.19266055045872,1.19642857142857,1.204608314991,1.19530897609382,1.19530897609382,1.21100917431193,1.20503067534154,1.21646912039925,1.21139694464033,1.21107266435986,1.19217930376729,1.21786197564276,1.23986647591798,1.2404149751917,1.24076029567054,1.2519726459758,1.27418335960516,1.29354448569243,1.27359622625895,1.26786847279486,1.26306293473874,1.26506371281911,1.23043693393604,1.23043693393604,1.22937015830246,1.23515439429929,1.23590633130963,1.24076029567054,1.25977410947003,1.25758889852559,1.25680086294532,1.25949367088608,1.26681174165953,1.27373784159333,1.25932835820896,1.26470588235294,1.280276816609,1.29036072827875,1.289592760181,1.28962923159592,1.31018670160498,1.32036136205698,1.30641330166271,1.31470224478174,1.33016627078385,1.32879994955122,1.3302752293578,1.33485025765279,1.34173055859803,1.36970172684458,1.36970172684458,1.34303739017743,1.34508348794063,1.31579691222782,1.31995776135164,1.33050567838983,1.32827324478178,1.29509713228492,1.33410672853828,1.31509731720147,1.29556823039794,1.32075471698113,1.31655137976179,1.31909081407082,1.31074168797954,1.33016627078385,1.31995776135164,1.31995776135164,1.33518329871539,1.32860938883968,1.32860938883968,1.32015956170431,1.32036136205698,1.32250580046404,1.31667613045042,1.31388232489688,1.32200188857413,1.34306074469475,1.35181975736568,1.33978262407597,1.33618385889898,1.33618385889898,1.34089736977824,1.33711535155578,1.33838761618683,1.33416549904841,1.34422363542652,1.32855922302679,1.32563838331793,1.34089736977824,1.35250380631618,1.34299042885943,1.33928571428571
"30114","Canton","GA","Atlanta-Sandy Springs-Roswell","Cherokee County",96,,,,,,,,,,,,,,,,,,,,,,,,,,,,,,,,,,,,,,,,,,,,,,,,,,,,,,,,,,,,,,,,,,,,,,,,,,,,,,,,,,,,,,,,,,,,,,0.71727152640178,0.721736851155903,0.723652981871434,0.71501773886705,0.689386215334421,0.718994643592913,0.75395199520056,0.753875011867176,0.75599582898853,0.743873274723272,0.752769385699899,0.74926262332691
"75071","McKinney","TX","Dallas-Fort Worth-Arlington","Collin County",97,,,,,,,,,,,,,,,,,,,,,,,,,,,,,,,,,,,,,,,,,,,,,,,,,,,,,,,,,,,,,,,,,,,,,,,,,0.795069861245703,0.786463298379409,0.779619224016954,0.808130323269636,0.804098577741194,0.80791229742612,0.797589507266927,0.789440474547069,0.802016498625115,0.76593137254902,0.782203054478638,0.792191563401009,0.818951225691827,0.834216101694915,0.827740492170022,0.804263565891473,0.783442469597755,0.824057450628366,0.811248717352602,0.788643533123028,0.787553415751219,0.826934435912581,0.83969465648855,0.796246092630926,0.822985850418712,0.846944948578342,0.852544178794179,0.835148874364561,0.81112372599401,0.813749910308845,0.818677986658581,0.810295519542421,0.828853046594982
"65202","Columbia","MO","Columbia","Boone County",98,,,,,,,,,,,,,,,,,,,,,,,,,,,,,,,,,,,,,,,,,,,,,,,,,,,,,,,,,,,,,,,,,,,,,,,,,,,,,,,,,,,,,0.592216582064298,0.602665051483949,0.602665051483949,0.590909652863655,0.582385778966866,0.592638802245789,0.592638802245789,0.592638802245789,0.593194401122895,0.592638802245789,0.592638802245789,0.592216582064298,0.592216582064298,0.587121212121212,0.599409448818898,0.610432852386238,0.609333706292932,0.625159851357044,0.612255097960816,0.611494329280141,0.602665051483949
"75093","Plano","TX","Dallas-Fort Worth-Arlington","Collin County",99,,,,,,,,,,,,,,,,,,,,,,,,,,,,,,,,,,,,,,,,,,,,,,,,,,,,,,,,,,,,,,,,,,,,,,,,,,,,0.959203496843128,0.956088980455822,1.05723650902069,1.02151264382975,0.969305331179321,0.943743427970557,0.943569827192826,1.04091888011486,1.03245531514581,1.03942277278978,1.09471920591895,1.06186518928901,0.994761323323529,1.0042395336513,1.03871773522065,1.00556930693069,1.02171136653895,1.02183000464468,1.03036988771053,0.993111366245695,0.987450732857009,0.960698689956332,1.08955223880597,1.0656807307525,1.02704487781138,1.0381711479593,1.01925254813137,1.04974311069594,1.02728731942215,1.00242812756388
"33914","Cape Coral","FL","Cape Coral-Fort Myers","Lee County",100,,,,,,,,,,,,,,,,,,,,,,,,,,,,,,,,,,,,,,,,,,,,,,,,,,,,,,,,,,,,,,,,,,,,,,,,,,,,,,,,,,,,,,,,,,,,1.02031229633305,1.0471316605541,1.07963818319987,1.03941100043309,1.11029205106333,1.07905899352378,1.19755341358683,1.2472647702407,1.04166666666667,0.937497650146255,0.986582833150899,0.981400437636762,1.12815884476534,0.984053227555853
"75034","Frisco","TX","Dallas-Fort Worth-Arlington","Collin County",101,,,,,,,,,,,,,,,,,,,,,,,,,,,,,,,,,,,,,,,,,,,,,,,,,,,,,,,,,,,,,,,,,,,,,,,,,0.830064781594698,0.865418580007065,0.847457627118644,0.92436974789916,0.936585576832742,0.912856953254847,0.945611866501854,0.96128170894526,0.950600831575926,0.936246098974588,0.916749256689792,0.932678821879383,0.982318271119843,0.947484973109775,0.918367346938776,0.875850340136054,0.878930624688419,0.871599455886085,0.86575392691226,0.863800723182001,0.859465737514518,0.859465737514518,0.865418580007065,0.866390147229133,0.880939668980246,0.894810659186536,0.910746812386157,0.962695547533093,0.981224854716138,0.917034581621325,0.919117647058823,0.930321872309153,0.916991072738479
"77407","Richmond","TX","Houston-The Woodlands-Sugar Land","Fort Bend County",102,,,,,,,,,,,,,,,,,,,,,,,,,,,,,,,,,,,,,,,0.684679283873355,0.728659873749922,0.773453093812375,0.788866930171278,0.832247439822846,0.753953659433615,0.739713361072584,0.789841565703635,0.775626943102221,0.817286162113748,0.786678099044831,0.758589915216421,0.774336283185841,0.814332247557003,0.826165120282767,0.814996466355989,0.78621136082903,0.797984040319194,0.774365821094793,0.755984880302394,0.762910798122066,0.786132593328976,0.79428117553614,0.796120020958976,0.779550199350321,0.802919708029197,0.753932289775257,0.783630822812364,0.75187969924812,0.739074550128535,0.79115275142315,0.756239887424645,0.75187969924812,0.75187969924812,0.74483634800984,0.767798976268032,0.780986160627759,0.790993603755433,0.791065611912517,0.800607522085985,0.801487664813018,0.795805151159999,0.777061570773227,0.780679855314875,0.783180324152782,0.790551552608642,0.774449022147343,0.764421713263991,0.776470588235294,0.784929356357928,0.78520473097622,0.81209530756625,0.776332354175409,0.752514367816092,0.755332240769304,0.766496777158939,0.76902320561252,0.785854616895874,0.804663923182442,0.810764352810726,0.815579227696405,0.881508815088151,0.890447922288181,0.833742030407062,0.833742030407062,0.811795110856952,0.78160676113012
"92880","Eastvale","CA","Riverside-San Bernardino-Ontario","Riverside County",103,,,,,,,,,,,,,0.788696092246932,0.814076336464396,0.807415455656662,0.817341862117982,0.822603719599428,0.7936,0.787795027582025,0.787689524988771,0.778108312163447,0.819710273396043,0.825865666576931,0.862234686022215,0.820501236755092,0.799289520426288,0.804020100502513,0.814285714285714,0.823610157858614,0.818104275310547,0.810810810810811,0.8125,0.802504472271914,0.758883532674517,0.783333333333333,0.780771725032425,0.795262267343486,0.795262267343486,0.795262267343486,0.804145818441744,0.834642857142857,0.817341862117982,0.815561687886076,0.787455684895659,0.823117338003503,0.806102269516904,0.807782515991471,0.840330200390035,0.845309478237904,0.821977351283696,0.815565031982942,0.849166343544009,0.851851851851852,0.854700854700855,0.867609254498715,0.851851851851852,0.84545147108556,0.83611106359676,0.861713361713362,0.870337477797513,0.872234712287587,0.849166343544009,0.851851851851852,0.812981292749881,0.820251267581591,0.871862934362934,0.872428069588491,0.849166343544009,0.851851851851852,0.871670702179177,0.849166343544009,0.868725868725869,0.923509478160998,0.901413733897009,0.895266935338913,0.910834132310642,0.905528499883956,0.968798696699249,0.937663015127804,0.961153846153846,0.935588341129903,0.957763919934973,0.951207438448094,0.958,0.955631399317406,0.938438438438438,0.901259525115187,0.871021775544389,0.886332845131781,0.946144721933717,0.957072503125135,0.950570342205323,0.944021199072541,0.89527027027027,0.89527027027027,0.88597842835131,0.983199526765799,0.939191340337472,0.939453826197105,0.936020038462263,0.933870967741935,0.963134842313572,0.958297116511092,0.956403107776313,0.964025034877939
"89129","Las Vegas","NV","Las Vegas-Henderson-Paradise","Clark County",104,,,,,,,,,,,,,,,,,,,,,,,,,,,,,,,,,,,,,,,,,,,,,,,,,,,,,,,,,,,,,,,,,,,,,,,,,0.700766769039904,0.707347972972973,0.698186793998835,0.707547169811321,0.721401580212985,0.727934485896269,0.723054954711369,0.719257540603248,0.717970093408048,0.716682646212848,0.718871193631266,0.73191659095648,0.713047707357496,0.694206021230154,0.708024040571894,0.756107834877843,0.735705555974463,0.768187980117488,0.777063236870311,0.798847564169722,0.817137809187279,0.786014721345952,0.810204487149918,0.768008474576271,0.761099209355175,0.803461151699375,0.800144058457003,0.813102505480001,0.837540481050353,0.800492610837438,0.794438927507448,0.857142857142857,0.839148190698583
"92253","La Quinta","CA","Riverside-San Bernardino-Ontario","Riverside County",105,,,,,,,,,,,,,,,,,,,,,,,,,,,,,,,,,,,,,,,,,,,,,,,,,,,,,,,,,,,,,,,,,,,,,,,,,,,,,,,,,,,,,2.07182320441989,1.95408333731087,2.0066889632107,1.89140671748576,1.96182396606575,2.0066889632107,1.96182396606575,1.92506929451415,2.01612903225806,2.16594468510496,2.17863815600622,2.04397611833898,1.98181806281866,2.17138493464893,2.24709017526269,2.14626383176587,1.95552628827677,2.07182320441989,2.03591160220994,2.03591160220994,2.33817885038913
"22554","Stafford","VA","Washington-Arlington-Alexandria","Stafford County",106,,,,,,,,,,,,,,,,,,,,,,,,,,,,,,,,,,,,,,,,,,,,,,,,,,,,,,,,,,,,,,,,,,,,,,,,,0.901170699447925,0.919439579684764,0.917431192660551,0.931218872287442,0.928307381604212,0.930851063829787,0.951086956521739,0.927393785668992,0.925925925925926,0.924937744574884,0.90625,0.908590587044534,0.926290764680763,0.957290132547865,0.95159135379368,0.940219435736677,0.922027695816854,0.938603510678129,0.954529677195418,0.972762645914397,0.979477611940298,0.957159061163947,0.984169358205348,0.964912280701754,0.932835820895522,0.917782026768642,0.949782428694748,0.970088924818108,0.967581227114937,0.970088924818108,0.969932104752667,0.929322280317321,0.944822373393802
"78258","San Antonio","TX","San Antonio-New Braunfels","Bexar County",107,,,,,,,,,,,,,,,,,,,,,,,,,,,,,,,,,,,,,,,,,,,,,,,,,,,,,,,,,,,,,,,,,,,,,,,,,0.802078246401011,0.831225153595952,0.807017543859649,0.810086292710453,0.843334414531301,0.860927152317881,0.845189705334234,0.851426138782461,0.873709491524671,0.844978875528112,0.829325963724383,0.846596681341009,0.843719429339456,0.895875591615957,0.905254091300603,0.907407407407407,0.90056484145828,0.882145377558222,0.878293601003764,0.837655100321477,0.83125,0.80160850965117,0.797574096057247,0.7930006493923,0.820946600957892,0.820256776034237,0.821636425881547,0.849748937813828,0.841022045975328,0.851900393184797,0.846420136354221,0.87509397262132,0.849294971681971
"33033","Homestead","FL","Miami-Fort Lauderdale-West Palm Beach","Miami-Dade County",108,,,,,,,,,,,,,,,,,,,,,,,,,,,,,,,,,,,,,,,,,,,,,,,,,,,,,,,,,,,,,,,,,,,,,,0.928327266907682,0.942803268384664,1.00031367628607,1.00062735257215,0.990752972258917,0.957914572864322,0.988700954584718,0.972245938430014,0.964785335262904,1.00251414204903,1.01307189542484,1.00565681961031,0.961854491136845,0.983606557377049,1.02156640181612,1.02156640181612,1.0101207370087,1.0145846544071,1.02156640181612,1.01950354609929,0.993189557321226,0.966761924930192,0.997628691922967,1.0067920930834,0.942803640845738,0.978200111794298,1.02143823918017,1.00239802329161,1.00603621730382,1.01035741458123,1.01097302463719,0.986150907354346,1.01809954751131,1.02972540655825,1.04375225243263,1.04638009049774
"75025","Plano","TX","Dallas-Fort Worth-Arlington","Collin County",109,,,,,,,,,,,,,,,,,,,,,,,,,,,,,,,,,,,,,,,,,,,,,,,,,,,,,,,,,,,,,,,,,,,,,,0.803140120587617,0.84230229293402,0.810464298396489,0.807710001927271,0.83203125,0.836776955146479,0.861281593437303,0.828339795558689,0.83,0.829577024963773,0.827119580226457,0.819447766032642,0.831870061457419,0.831283131994532,0.843373493975904,0.85516964630611,0.843041306695464,0.832428519724937,0.837281121854585,0.868937734005726,0.865929585296349,0.851779171141576,0.838510115389278,0.832127351664255,0.841770617117508,0.807114583302159,0.842839582758938,0.860367584318691,0.864925942862706,0.860450563204005,0.864361041544897,0.839330224749758,0.856163551983391,0.842331828790947,0.837606797444589,0.825847580411475
"66502","Manhattan","KS","Manhattan","Riley County",110,,,,,,,,,,,,,,,,,,,,,,,,,,,,,,,,,,,,,,,,,,,,,,,,,,,,,,,,,,,,,,,,,,,,,,,,,0.933955970647098,0.996168582375479,0.950871632329635,0.895550061804697,0.877331104855735,0.904937468372732,0.904937468372732,0.84625140754565,0.784718570307853,0.761086964277844,0.880353501019714,0.985988583290088,0.950413223140496,0.964303334020208,0.953778429933969,0.92670337956439,0.919540229885057,0.868176538908246,0.842865743527995,0.808898703635546,0.800457404230989,0.820534399326741,0.867052023121387,0.943144509610595,0.964912280701754,0.947935267857143,0.92398022249691,0.904214559386973,0.904922832618101,0.901754778796521,0.904704463208685,0.86451048951049,0.842857142857143
"32837","Orlando","FL","Orlando-Kissimmee-Sanford","Orange County",111,,,,,,,,,,,,,,,,,,,,,,,,,,,,,,,,,,,,,,,,,,,,,,,,,,,,,,,,,,,,,,,,,,,,,,,,,,,,,,,,,,,0.909364672138973,0.911431513903193,0.897755736465414,0.925754060324826,0.920891625440318,0.924209378407852,0.956084909986636,0.943963967267298,0.912073952470294,0.930004894762604,0.957661290322581,0.949126803340926,0.890366172624237,0.880274969303831,0.893635571054926,0.932521087160262,0.967067433350758,0.977111001590925,0.99361249112846,0.95429432446007,0.935135025756358,0.936188662331424,0.932459677419355
"75024","Plano","TX","Dallas-Fort Worth-Arlington","Collin County",112,,,,,,,,,,,,,,,,,,,,,,,,,,,,,,,,,,,,,,,,,,,,,,,,,,,,,,,,,,,,,,,,,,,,,,,,,,0.861253201467177,0.85063009636768,0.866666666666667,0.87073007367716,0.875745875745876,0.865580876608304,0.829134462177698,0.825041459369818,0.857492854226215,0.83487681124747,0.829694323144105,0.847457627118644,0.869754732036698,0.884599919581825,0.844480190646411,0.8545339424213,0.856500695850362,0.856039676924381,0.818452380952381,0.819198189998616,0.810276679841897,0.824587706146927,0.871886120996441,0.8675497628986,0.902451465041614,0.90751944684529,0.908902691511387,0.897717295873573,0.904761904761905,0.894522380379307,0.870827285921626,0.868588348745424
"92037","San Diego","CA","San Diego-Carlsbad","San Diego County",113,,,,,,,,,,,,,,,,,,,,,,,,,,,,,,,,,,,,,,,,,,,,,,,,,,,,,,,,,,,,,,,,,,,,,,,,,,2.57152041144327,2.55825851959338,2.58813874823175,2.75922160906186,3.01030408436512,2.90592081365783,3.05882431960452,2.97723492373916,2.79554000807076,2.81425891181989,2.72814956010052,2.69034167339252,3.06431927044952,2.87007266833961,2.76595744680851,3.22327044025157,2.9655475307437,2.87380441147765,2.79020780581507,2.97346752058554,3.10421872435114,2.69580022701476,3.15241228070175,3.17620614035088,3.32957110609481,3.22245322245322,3.06881315687148,2.9128672745694,2.90481846874538,2.96296296296296,2.4993659829278,2.74725274725275
"30809","Evans","GA","Augusta-Richmond County","Columbia County",114,,,,,,,,,,,,,,,,,,,,,,,,,,,,,,,,,,,,,,,,,,,,,,,,,,,,,,,,,,,,,,,,,,,,,,,,0.641175627924744,0.628715134887974,0.633383377880028,0.635307346326837,0.612047816768524,0.641592920353982,0.663558106169297,0.65656291638184,0.65920232013963,0.635348283017131,0.64208990268295,0.630165289256198,0.641891891891892,0.637526574528406,0.630782169890664,0.650780379041249,0.649800188004991,0.665905631659056,0.66358595194085,0.657585720995773,0.634904572662153,0.626816860465116,0.647632311977716,0.654737439952829,0.661734296696346,0.659293917481923,0.661703887510339,0.661703887510339,0.649779735682819,0.66143034311699,0.651802039170599,0.660362130299456,0.671763503550137,0.667128818230729
"77406","Richmond","TX","Houston-The Woodlands-Sugar Land","Fort Bend County",115,,,,,,,,,,,,,,,,,,,,,,,,,,,,,,,,,,,,,,,,,,,,,,,,,,,,,,,,,,,,,,,,,,,,,,,,,0.778881725309284,0.787013089895756,0.764388489208633,0.775350551200774,0.810002281224767,0.79211680655938,0.785165405517118,0.767748994620308,0.789431348003358,0.776658270361041,0.776658270361041,0.80168776371308,0.774866159481544,0.787075393537697,0.789161392405063,0.789161392405063,0.796673819742489,0.766878381557281,0.808150538047158,0.796669232712977,0.793907501651916,0.776426566884939,0.771743669773167,0.777144337911376,0.786937609765643,0.785024154589372,0.782906193351318,0.798198935734752,0.775814773310921,0.773613336011963,0.774793388429752,0.812673133861938,0.805847076461769
"30518","Sugar Hill","GA","Atlanta-Sandy Springs-Roswell","Gwinnett County",116,,,,,,,,,,,,,,,,,,,,,,,,,,,,,,,,,,,,,,,,,,,,,,,,,,,,,,,,,,,,,,,,,,,,,,,,,,0.672750594916363,0.684473668680218,0.665399239543726,0.663350121900311,0.681623931623932,0.723793677204659,0.729762399145705,0.705645161290323,0.688468158347676,0.655256077352392,0.668051382211538,0.70326278659612,0.701306475483078,0.683826354206685,0.714966634890372,0.722491909385113,0.740055504162812,0.723000451875282,0.714823175319789,0.722298993831704,0.690687553263422,0.708678587003925,0.697530864197531,0.698835274542429,0.712849828706627,0.716308656017558,0.741422047430072,0.714113594065621,0.731281407535136,0.737676056338028,0.732993279310567,0.763788620704598
"32259","Fruit Cove","FL","Jacksonville","Saint Johns County",117,,,,,,,,,,,,,,,,,,,,,,,,,,,,,,,,,,,,,,,,,,,,,,,,,,,,,,,,,,,,,,,,,,,,,,,,,0.843911612599906,0.843886074111979,0.838926174496644,0.875532418362518,0.877326648741698,0.881791317203736,0.878235461941818,0.872682756208464,0.885129819040126,0.882581913593908,0.86886673377111,0.899845249683196,0.870967741935484,0.896637355479564,0.879797122913381,0.887852781320554,0.896829152863228,0.879865913307472,0.887363937529579,0.834376303712975,0.84473049074819,0.837581937363438,0.865338838323869,0.885100949635327,0.886552084273272,0.852484472049689,0.925026121419564,0.906344768705754,0.909484625378952,0.917992656058752,0.918233493659816,0.898337309068235,0.871459694989107
"32746","Lake Mary","FL","Orlando-Kissimmee-Sanford","Seminole County",118,,,,,,,,,,,,,,,,,,,,,,,,,,,,,,,,,,,,,,,,,,,,,,,,,,,,,,,,,,,,,,,,,,,,,,,,,,0.9051856397668,0.88724584103512,0.945094509450945,0.992881228924691,1.00040016006403,0.94037096767399,0.932124166931184,0.94037096767399,0.935647425897036,0.935647425897036,0.93006993006993,0.940164138480433,0.950704225352113,0.994475361381795,0.991653418124006,1.03550295857988,0.967516067380013,0.99907063197026,0.998520710059172,0.990507635163021,0.969872059430458,0.960451254950689,0.953747685215877,1.03211009174312,1.01573345673299,1.02631578947368,1.04340567612688,1.01899624765478,1.01432532347505,1.01432532347505,1.01576199991844,0.947743467933492
"77469","Richmond","TX","Houston-The Woodlands-Sugar Land","Fort Bend County",119,,,,,,,,,,,,,,,,,,,,,,,,,,,,,,,,,,,,,,,,,,,,,,,,,,,,,,,,,,,,,,,,,,,,,,,,,0.727201257861635,0.736783962623086,0.733577859286429,0.749478079331942,0.770047796070101,0.726349064856055,0.741962077493817,0.73827980804725,0.753863550697324,0.748502994011976,0.75089605734767,0.751622872036059,0.769344267541267,0.763081496105567,0.768674698795181,0.761404447791323,0.774679061531651,0.774679061531651,0.772510450361396,0.758725341426404,0.760372765310004,0.759401052205585,0.759493670886076,0.773896166909267,0.775094632806642,0.770047796070101,0.759577278731836,0.763064516129032,0.76285315549495,0.745650372825186,0.771799263667485,0.774679061531651,0.769357974386031
"77388","Spring","TX","Houston-The Woodlands-Sugar Land","Harris County",120,,,,,,,,,,,,,,,,,,,,,,,,,,,,,,,,,,,,,,,,,,,,,,,,,,,,,,,,,,,,,,,,,,,,,,,,,0.697849867974349,0.711662075298439,0.740308583553405,0.746672212978369,0.736560650242678,0.74724553731594,0.719679093912223,0.705368289637953,0.723205949046285,0.725955242313102,0.726633597593993,0.757623269532933,0.760979795939636,0.757186858316222,0.754432289701999,0.756683479289066,0.741350906095552,0.724559023066486,0.739644970414201,0.746924428822496,0.759668508287293,0.727739726027397,0.726565499936978,0.726978017839454,0.736380424746076,0.770252324037185,0.771423095450069,0.771798080934501,0.754113345521024,0.791810817402753,0.801887517399762,0.808537844750715,0.770547945205479
"30097","Duluth","GA","Atlanta-Sandy Springs-Roswell","Gwinnett County",121,,,,,,,,,,,,,,,,,,,,,,,,,,,,,,,,,,,,,,,,,,,,,,,,,,,,,,,,,,,,,,,,,,,,,,,,,0.735023888276369,0.811298000891686,0.80891525963796,0.797101449275362,0.833333333333333,0.830248731723186,0.841514726507714,0.771775082690187,0.744358865545928,0.739697076435365,0.743293591654247,0.76572179548874,0.769208408959155,0.76,0.77179358161355,0.768418621995397,0.790150679897097,0.839133963899068,0.786516853932584,0.825309491059147,0.790150679897097,0.798722044728435,0.786516853932584,0.817860300618921,0.795692431561997,0.811322208524128,0.818510261695644,0.85725677830941,0.845277471517824,0.813636234628742,0.87463556851312,0.86840999244114,0.832918778589797
"77339","Houston","TX","Houston-The Woodlands-Sugar Land","Harris County",122,,,,,,,,,,,,,,,,,,,,,,,,,,,,,,,,,,,,,,,,,,,,,,,,,,,,,,,,,,,,,,,,,,,,,,,,,,,,,,,,,,,,,,,,,,0.8249348392702,0.803858520900322,0.774065396804239,0.804480228593546,0.79742336739227,0.783009760990456,0.773321714015195,0.774632941964179,0.775265623653618,0.807142857142857,0.835561497326203,0.83666787922881,0.830103200459837,0.809793057941501,0.788177339901478,0.848368179404925
"34786","Windermere","FL","Orlando-Kissimmee-Sanford","Orange County",123,,,,,,,,,,,,,,0.737023221677467,0.794251134644478,0.794251134644478,0.823395797842135,0.816296728971963,0.854769560557342,0.83559640693545,0.847853803654909,0.821596244131455,0.810044552450385,0.790068483611287,0.762250453720508,0.775359502526234,0.780305723426946,0.852618757612667,0.850228907782865,0.847649665159038,0.852361724768053,0.851599529540476,0.833065810593901,0.800271976445343,0.780430111775253,0.786516853932584,0.821174710063599,0.835828902577161,0.831460674157303,0.833055648117294,0.838953605592693,0.847756976333451,0.806982872200264,0.817539947974731,0.842332945948597,0.799814965511896,0.822284509518277,0.819672131147541,0.831841685486857,0.85127691537306,0.849260834345889,0.815116709892553,0.848008598209932,0.850870886415706,0.855676441696878,0.865665248548071,0.887902330743618,0.876314471707561,0.841804320203304,0.866336633663366,0.866765725606736,0.869760037666718,0.882498195548753,0.903848219459098,0.869485875436993,0.903789214268218,0.898848272408613,0.880697843443548,0.91812015503876,0.876208897485493,0.871661721068249,0.832269399153995,0.88,0.852776864935919,0.851886184555307,0.866422834436787,0.920245398773006,0.917491712825196,0.961208376244422,0.942264118057169,0.901352028042063,0.893034931403602,0.954545454545455,0.931394165535957,0.897435198313157,0.905660377358491,0.907448318345355,0.921300784713418,0.92232328693829,0.929526123936817,0.919193415777225,0.966150710254099,0.972903058479982,0.965360590573538,1.00698205124777,1.00229095074456,0.9839952775556,0.946387708401438,0.943872026251025,0.971877584780811,0.962004625758972,0.93710292249047,0.961208376244422,0.948444477248404,0.908925318761384
"34746","Kissimmee","FL","Orlando-Kissimmee-Sanford","Osceola County",124,,,,,,,,,,,,,,,,,,,,,,,,,,,,,,,,,,,,,,,,,,,,,0.663348890416759,0.638179800221976,0.638179800221976,0.634746465767553,0.638179800221976,0.647116412892687,0.662535982742545,0.651779828609097,0.641025641025641,0.678013922197197,0.667781163871484,0.646833788129232,0.679930026518893,0.700589970501475,0.658071148856571,0.650026001040042,0.658574380165289,0.669847762917835,0.710445468509985,0.653153153153153,0.67524115755627,0.654288868951315,0.650406504065041,0.672268907563025,0.646148308135349,0.671324694462228,0.694073678590497,0.675458416615973,0.72228098759243,0.693413729128015,0.708991615282926,0.741967651608829,0.727469905063565,0.776196636481242,0.771431651573954,0.765685803810583,0.767161885245902,0.751915608171423,0.771276595744681,0.771276595744681,0.778701042040963,0.762267746545974,0.76036866359447,0.756695151429435,0.774850906324865,0.77536552946389,0.780744823904621,0.800355713650511,0.772860950574727,0.799793601651187,0.80378103885614,0.81926061159288,0.808697558657384,0.798004987531172,0.786088613625536,0.780342999274604,0.782909930715935,0.807382850331521,0.78125,0.783366072216827,0.792547274749722
"78109","Converse","TX","San Antonio-New Braunfels","Bexar County",125,,,,,,,,,,,,,,,,,,,,,,,,,,,,,,,,,,,,,,,,,,,,,,,,,,,,,,,,,,,,,,,,,,,,,,,,,0.64332555355609,0.621251071122536,0.65251456923506,0.675101698012201,0.638219433896911,0.642201834862385,0.621251071122536,0.614574187884109,0.611790878754171,0.607849947898576,0.643872113676732,0.671876997083532,0.663527397260274,0.663328685367538,0.64952240740153,0.655140560952149,0.662800331400166,0.664775400493054,0.68075117370892,0.68075117370892,0.690357627885921,0.680272905728226,0.693478260869565,0.695027242679337,0.6640625,0.655649635204404,0.661267422080773,0.68342151675485,0.685405479618576,0.677816901408451,0.684326710816777,0.69705212242312,0.703915530136384
"32824","Orlando","FL","Orlando-Kissimmee-Sanford","Orange County",126,,,,,,,,,,,,,,,,,,,,,,,,,,,,,,,,,,,,,,,,,,,,,,,,,,,,,,,,,,,,,,,,,,,,,,,0.741619977845,0.720947397814457,0.732794429902488,0.752551020408163,0.745276148789754,0.799418604651163,0.803491495076097,0.799927113702624,0.775375939849624,0.787066212824931,0.758361224291812,0.752551020408163,0.753114382785957,0.745603684667676,0.812807881773399,0.806451612903226,0.819672131147541,0.826502732240437,0.800996796012816,0.789251774809902,0.889328063241107,0.898923149916321,0.873100010215311,0.862162162162162,0.8475,0.84515337122697,0.893738777456274,0.887341778937759,0.893185931080343,0.885455915599096,0.882084393443112,0.920477772100153,0.906593406593407,0.899609616356794,0.883152173913043
"89131","Las Vegas","NV","Las Vegas-Henderson-Paradise","Clark County",127,,,,,,,,,,,,,,,,,,,,,,,,,,,,,,,,,,,,,,,,,,,,,,,,,,,,,,,,,,,,,,,,,,,,,,,,,0.7,0.693710993759001,0.67519305019305,0.70448241980717,0.700746268656716,0.714285714285714,0.704761904761905,0.686555056955471,0.678801668562761,0.68452380952381,0.689831374552887,0.674221611721612,0.672131310718267,0.700207468879668,0.732856572227026,0.724237876107927,0.71570998229529,0.715380684721513,0.725085910652921,0.746865830888237,0.738884045335658,0.712766618005154,0.719231263627432,0.718021087554524,0.731374707034504,0.735091308321574,0.781750237951025,0.770512286547272,0.770335785570133,0.806577387770453,0.793395744197493,0.808161102278749,0.78725645076356
"33177","South Miami Heights","FL","Miami-Fort Lauderdale-West Palm Beach","Miami-Dade County",128,,,,,,,,,,,,,,,,,,,,,,,,,,,,,,,,,,,,,,,,,,,,,,,,,,,,,,,,,,,,,,,,,,,,,,,,,,,,,,,,,,,,,1.11124980443351,1.08695652173913,1.13188976377953,1.2019550759926,1.21681415929204,1.14530491095521,1.16762702985856,1.15039281705948,1.13378684807256,1.15873015873016,1.17758527341635,1.18181818181818,1.12572027239392,1.11866271512093,1.17647058823529,1.21621621621622,1.23730964467005,1.23190255520016,1.23190255520016,1.19337918594235,1.19891826923077
"30813","Grovetown","GA","Augusta-Richmond County","Columbia County",129,,,,,,,,,,,,,,,,,,,,,,,,,,0.618382730854891,0.602472789361908,0.611111111111111,0.617930156709888,0.620893332086856,0.60930576070901,0.595964616892644,0.604925775978407,0.607760635811127,0.602564102564103,0.594127371495471,0.593311758360302,0.593311758360302,0.596421471172962,0.60242655019135,0.615384615384615,0.596124837232783,0.613943179528511,0.625,0.623190423162584,0.621380846325167,0.60607100165886,0.625372467222884,0.617475060199518,0.617475060199518,0.621380846325167,0.622561650526769,0.613711001642036,0.621380846325167,0.612206618889668,0.608218063466233,0.603186284671835,0.609885109441662,0.612707918410748,0.621380846325167,0.617001828153565,0.617001828153565,0.624596813801647,0.604423152175549,0.605430301229432,0.604508196721312,0.620006289247009,0.603486812695574,0.59580552907531,0.605606472398471,0.614801161417617,0.59494298463064,0.621380846325167,0.61794734013971,0.617199298402443,0.617114646187603,0.622908144291558,0.626620570440795,0.628415300546448,0.632359354557348,0.623795761078998,0.609111065080005,0.619834710743802,0.620044450008221,0.645765091249415,0.654117991851939,0.660993463882877,0.637568555758684,0.637568555758684,0.643335048893464,0.641816920943135,0.626159554730983,0.623633266809253,0.647031539888683,0.626836112956285,0.621380846325167,0.621380846325167,0.64708299096138,0.669154228855721,0.646242221158449,0.657894736842105,0.681820536232257,0.676470588235294,0.645043965878449,0.665174731170509
"75013","Allen","TX","Dallas-Fort Worth-Arlington","Collin County",130,,,,,,,,,,,,,,,,,,,,,,,,,,,,,,,,,,,,,,,,,,,,,,,,,,,,,,,,,,,,,,,,,,,,,,,,,,0.816830895198125,0.849088087931901,0.879604178119846,0.845101287611876,0.865102639296188,0.818062827225131,0.79582875960483,0.80854095275878,0.780363223609535,0.803495558790497,0.798597584729256,0.78848131642098,0.801014957264957,0.810810810810811,0.854028613453544,0.861941087357458,0.857279382474026,0.833333333333333,0.858987090367428,0.807102502017756,0.816618911174785,0.82035595105673,0.790365073391043,0.785364148500289,0.779076238174736,0.82152392688437,0.826591628561379,0.852117799854484,0.855704697986577,0.820862188603206,0.819960861056751,0.819011844140941
"92009","Carlsbad","CA","San Diego-Carlsbad","San Diego County",131,,,,,,,,,,,,,,,,,,,,,,,,,,,,,,,,,,,,,,,,,,,,,,,,,,,,,,,,,,,,,,,,,,,,,,,,,,,,,,,1.53803453503802,1.54335992125653,1.61794334114551,1.53543307086614,1.51080229949255,1.49712879409352,1.53654362515122,1.66666666666667,1.80128499311611,1.72349447107795,1.65073424579413,1.64596273291925,1.63447251114413,1.6447085295528,1.70490709693988,1.76956350766811,1.61304982862154,1.62640412247572,1.6612987898645,1.665825340737,1.66960543886392,1.75012153621779,1.68473225936343,1.73621787029679,1.69565556889501,1.63684811572136,1.58993089805577
"30519","Buford","GA","Atlanta-Sandy Springs-Roswell","Gwinnett County",132,,,,,,,,,,,,,,,,,,,,,,,,,,0.580449533502969,0.583121289228159,0.573967339097022,0.572246065808298,0.572304409414706,0.570641479732389,0.562098501070664,0.570641479732389,0.570641479732389,0.557824079824452,0.558419243986254,0.564513873165212,0.568404547236378,0.561285204284014,0.563533507397737,0.573516386182462,0.587478368455953,0.567393143954217,0.56253056868877,0.582959641255605,0.558419243986254,0.631533101045296,0.582959641255605,0.600343053173242,0.600549073438572,0.588491134158581,0.608011444921316,0.635824977210574,0.632394940840473,0.64666427184248,0.643262987012987,0.635824977210574,0.628266550522648,0.612435943669164,0.614569780266955,0.607811558327914,0.631533101045296,0.64184958143827,0.640250873422769,0.627688916511558,0.631533101045296,0.64166266144003,0.627943485086342,0.671987627073679,0.611676208795222,0.636509207365893,0.620986822947001,0.641080886012633,0.661408233936129,0.67121024370095,0.677768844321084,0.675479568481559,0.676494345718901,0.67134061600743,0.675003098897746,0.665115673136377,0.666361067511819,0.65123390683864,0.669270833333333,0.670490506329114,0.691150001384543,0.695636245662127,0.707243788006594,0.706106870229008,0.713722294654498,0.688679245283019,0.690451063025,0.708984375,0.734394124847001,0.720260223048327,0.712181578518212,0.698324022346369,0.708919801637485,0.717967599410898,0.716261326100623,0.730548730548731,0.728846153846154,0.712530712530713,0.709876952998844,0.705796570263582
"32712","Apopka","FL","Orlando-Kissimmee-Sanford","Orange County",133,,,,,,,,,,,,,,,,,,,,,,,,,,,,,,,,,,,,,,,,,,,,,,,,,,,,,,,,,,,,,,,,,,,,,,,,,0.722111553784861,0.720318176214177,0.745583060501641,0.761904761904762,0.771985600440369,0.76930963773069,0.755613126079447,0.766814991000013,0.752166487041948,0.736857741501704,0.742721330956625,0.766042383605191,0.744098667051877,0.761962203457981,0.76188455008489,0.813858406881663,0.832980972515856,0.832980972515856,0.806356617325567,0.798816568047337,0.821652147935844,0.801518804391168,0.853875182593499,0.82290018892947,0.812088815789474,0.834126889376251,0.803571428571429,0.787096774193548,0.85301348728985,0.809488730355666,0.876808403612229,0.821184703697144,0.829880662472039
"33196","The Hammocks","FL","Miami-Fort Lauderdale-West Palm Beach","Miami-Dade County",134,,,,,0.918735719829338,0.933688997572218,0.973548861131521,0.967101517333575,0.965961361545538,0.963020030816641,0.984920634920635,0.977419050316247,0.965961361545538,0.96449069618109,0.963020030816641,0.938034188034188,0.914280760848029,0.950645237271497,0.99882491186839,1.00035727045373,0.981423063441991,0.98040225337048,0.995871063442259,1.00597976080957,1.00456621004566,1.02084219481072,1.02257482142019,1.03177948960343,1.03603603603604,1.04911778731521,1.01703250077234,1.00659493231517,1.00987432675045,1.01378748732871,1.01606805293006,1.02280007948315,1.03351955307263,1.00954478707783,1.00910170162248,1.0031919744642,1.02880658436214,1.0198604401503,1.01926979593371,1.01560199320826,1.03092783505155,1.019955654102,1.03092783505155,1.06074219732929,1.05670103092784,1.05820105820106,1.05298544433697,1.03940639269406,1.01745607352947,1.02249488752556,1.04117368670137,1.04010293338948,1.03394255874674,1.04318181818182,1.05150214592275,1.08221914068966,1.07944732297064,1.08045335781371,1.07834308869878,1.06430155210643,1.07378553492569,1.09019913908793,1.0559955800502,1.09079887135173,1.04984981904288,1.08760683760684,1.07317073170732,1.04473444718125,1.05616818515953,1.06044538706257,1.09850562523616,1.06837606837607,1.03401805375281,1.04144591473511,1.08552120813421,1.09550561797753,1.07537846930193,1.07758620689655,1.0826416456153,1.07417897009589,1.08606790451971,1.08949416342412,1.10147058823529,1.10132158590308,1.1243851018974,1.13636363636364,1.15303983228512,1.13500597371565,1.11075355566856,1.13500597371565,1.10660649383305,1.12696171287007,1.08931768374332,1.10726022281854,1.13989637305699,1.17436305732484,1.15740740740741,1.15168539325843,1.14800968901498,1.14501603031186,1.15910326355532
"30039","Snellville","GA","Atlanta-Sandy Springs-Roswell","Gwinnett County",135,,,,,,,,,,,,,,,,,,,,,,,,,,,,,,,,,,,,,,,,,,,,,,,,,,,,,,,,,,,,,,,,,,,,,,,,,,0.590964098426785,0.569661458333333,0.599354270619313,0.595723737230311,0.621347876899104,0.608407079646018,0.603065752319484,0.605374234687057,0.621748178980229,0.583342988117605,0.594658393158588,0.602986217457887,0.597609856174546,0.652866242038217,0.6519837783565,0.624268435427234,0.616383195516714,0.605909995535343,0.629043853342919,0.650548830149563,0.629664179104478,0.681049069373942,0.648728345005529,0.654683294837623,0.653266331658292,0.668604651162791,0.677966101694915,0.698856416772554,0.673985086992543,0.661334373780726,0.663596968972687,0.682666929710578
"19121","Philadelphia","PA","Philadelphia-Camden-Wilmington","Philadelphia County",136,,,,,,,,,,,,,,,,,,,,,,,,,,,,,,,,,,,,,,,,,,,,,,,,,,,,,,,,,,,,,,,,,,,,,,,,,,,,,,,,,,,,,,,,,,,,,,1.62247136241774,1.60428954423592,1.60857908847185,1.6,1.6,1.5,1.51724137931034,1.35714285714286,1.1875,1.21551507537688,1.16666666666667,1.14932983682984
"77044","Houston","TX","Houston-The Woodlands-Sugar Land","Harris County",137,,,,,,,,,,,,,,,,,,,,,,,,,,,,,,,,,,,,,,,,,,,,,,,,,,,,,,,,,,,,,,,,,,,,,,,,,,,,,,,0.766843746697499,0.765895953757225,0.771521386031402,0.754682997118156,0.766398440789329,0.779082177161153,0.798089988265086,0.787575101268349,0.793871866295265,0.802596761269403,0.775386264055933,0.8022030651341,0.834127071037,0.830020294856302,0.83919870059556,0.83919870059556,0.83919870059556,0.842857142857143,0.8082497212932,0.873205741626794,0.842514036182158,0.811581077358126,0.863770977295163,0.874333135743924,0.863770977295163,0.787622384481805,0.767257462686567
"91765","Diamond Bar","CA","Los Angeles-Long Beach-Anaheim","Los Angeles County",138,,,,,,,,,,,,,,,,,,,,,,,,,,,,,,,,,,,,,,,,,,,,,,,,,,,,,,,,,,,,,,,,,,,,,,,,,,1.31834215167548,1.35666666666667,1.3998378737415,1.36075949367089,1.36766299008599,1.41204948897257,1.32750494347223,1.32819194515853,1.3765541740675,1.41843971631206,1.36853435837056,1.36342742807701,1.36342742807701,1.35869565217391,1.39571536498915,1.40882509303562,1.42095914742451,1.39557266602502,1.43991489060255,1.41559829059829,1.43603133159269,1.43577184954193,1.41963426371511,1.43603133159269,1.41414141414141,1.3761887131627,1.5127129213201,1.47621988882026,1.512423478574,1.512423478574,1.52565880721221,1.45927109484006
"02130","Boston","MA","Boston-Cambridge-Newton","Suffolk County",139,,,,,,,,,,,,,,,,,,,,,,,,,,,,,,,,,,,,,,,,,,,,,,,,,,,,,,,,,,,,,,,,,,,,,,,,,,2.45192307692308,2.50610607117934,2.5,2.44186046511628,2.32,2.32,2.3073146784487,2.33333333333333,2.27314814814815,2.16003927344134,2.16003927344134,2.38461538461538,2.58620689655172,2.66666666666667,2.66666666666667,2.69047619047619,2.75,2.71428571428571,2.57142857142857,2.42857142857143,2.3452380952381,2.28571428571429,2.33333333333333,2.58695652173913,2.66666666666667,2.66666666666667,2.76923076923077,2.9,2.9,2.66666666666667,2.54827586206897,2.5
"77498","Sugar Land","TX","Houston-The Woodlands-Sugar Land","Fort Bend County",140,,,,,,,,,,,,,,,,,,,,,,,,,,,,,,,,,,,,,,,,,,,,,,,,,,,,,,,,,,,,,,,,,,,,,,,,,,,0.768362649272653,0.778816199376947,0.808031341821743,0.807692307692308,0.787731685789938,0.796398891966759,0.796178343949045,0.75551526140828,0.767367007044314,0.777432252332297,0.741839762611276,0.751048738743278,0.775,0.767893843750699,0.760745530620008,0.762323270920902,0.758533501896334,0.772532188841202,0.776593660299371,0.78125,0.772532188841202,0.782328578002761,0.758486644313562,0.760745530620008,0.778290165005254,0.775227620867111,0.778816199376947,0.792393026941363,0.804328751096812,0.777732296356938,0.810708898944193
"90275","Rancho Palos Verdes","CA","Los Angeles-Long Beach-Anaheim","Los Angeles County",141,,,,,,,,,,,,,,,,,,,,,,,,,,,,,,,,,,,,,,,,,,,,,,,,,,,,,,,,,,,,,,,,,,,,,,,,,,,,,,,,,,,,,,,,,,2.12510024057739,2.11309523809524,2.11105106192737,2.10170290098943,2.04904574831456,2.05435309319981,2.10665256229431,2.09042658730159,1.95804578814766,2.05924124513619,2.20588235294118,2.16454272863568,2.06953642384106,2.05835521681595,2.08420175072947,2.04383272028896
"33018","Hialeah","FL","Miami-Fort Lauderdale-West Palm Beach","Miami-Dade County",142,,,,,,,,,,,,,,,,,,,,,,,,,,,,,,,,,,,,,,,,,,,,,,,,,,,,,,,,,,,,,,,,,,,,,,,,,1.22270742358079,1.17903930131004,1.16800846590544,1.17924528301887,1.21939736346516,1.19353810619211,1.2046093321068,1.23246918827029,1.18651124063281,1.17795540597392,1.18539204854947,1.18427285646613,1.13622931228452,1.08909153018427,1.13892850611188,1.22270742358079,1.23304562268804,1.26663511077937,1.23060460139112,1.2453300124533,1.19434488251693,1.23304562268804,1.25742574032357,1.24934929724102,1.21834061135371,1.19836817950025,1.19047619047619,1.20050125313283,1.24810175871244,1.24520124901122,1.18997025074373,1.31936016125921,1.33222314737719
"30019","Dacula","GA","Atlanta-Sandy Springs-Roswell","Gwinnett County",143,,,,,,,,,,,,,,,,,,,,,,,,,,,,,,,,,,,,,,,,,,,,,,,,,,,,,,,,,,,,,,,,,,,,,,,,,,,0.634428678117999,0.673069285302937,0.65404787706643,0.641740645165576,0.647618878787529,0.670103092783505,0.667525773195876,0.671902268760908,0.657030223390276,0.662361947095794,0.643543670585441,0.641254007837549,0.649086641480554,0.689878892733564,0.650751432816812,0.646626297577855,0.681019332161687,0.658978583196046,0.652749774806573,0.658543413957225,0.688607425369407,0.701893524771296,0.674812030075188,0.656727014554491,0.655916493789769,0.677506775067751,0.684680954910998,0.726437742831545,0.731409995936611,0.73211373715811,0.720878113432115
"89128","Las Vegas","NV","Las Vegas-Henderson-Paradise","Clark County",144,,,,,,,,,,,,,,,,,,,,,,,,,,,,,,,,,,,,,,,,,,,,,,,,,,,,,,,,,,,,,,,,,,,,,,,,,0.690578882630586,0.726141078838174,0.728214503351615,0.742623971493201,0.774841405809135,0.797872340425532,0.828312512461538,0.781762789362856,0.773200543232232,0.750807319698601,0.761730652041438,0.751236211487257,0.753192476453011,0.781729164011961,0.798630918425556,0.805199915073165,0.827151583753784,0.832618198932013,0.82382762991128,0.823566677225214,0.826653306613226,0.806981627657211,0.804624709876662,0.819109209285588,0.811068702290076,0.826463459176819,0.855242318656953,0.850511725016783,0.878186968838527,0.88785046728972,0.861877249011152,0.821355178506683,0.848856871857599
"33032","Princeton","FL","Miami-Fort Lauderdale-West Palm Beach","Miami-Dade County",145,,,,,,,,,,,,,,,,,,,,,,,,,,,,,,,,,,,,,,,,,,,,,,,,,,,,,,,,,,,,,,,,,,,,0.935404343263953,0.894429313271223,0.95857882337931,0.964057146093507,0.931372549019608,0.975564022198406,0.98314606741573,0.976361767728674,0.976361767728674,0.99009900990099,0.992930860882698,0.967429861335053,1.00806451612903,1.00806451612903,1.00806451612903,0.991467463548808,1.01049358725223,0.967429861335053,1.00707675557975,1.00707675557975,0.967413441955194,0.947367881216177,0.967429861335053,1,1.031456068437,1.04,1.03633224075637,1.01634997790544,0.991735537190083,0.979858464888405,1.03251053582179,1.02907578073141,0.993926007730536,0.973283991286874,1.01771338407119,1.01810247887351,1.02251838235294,1.00879461976203
"02139","Cambridge","MA","Boston-Cambridge-Newton","Middlesex County",146,,,,,,,,,,,,,,,,,,,,,,,,,,,,,,,,,,,,,,,,,,,,,,,,,,,,,,,,,,,,,,,,,,,,,,,,,,,,,,,,,,,,,,,3.33333333333333,3.275,3.26923076923077,2.76331219956904,2.51396648044693,2.5,2.5,2.8,2.76923076923077,3.13333333333333,2.86918063314711,3,3.2824427480916,3.32075471698113,3.15384615384615,2.95045045045045,2.8,2.8,2.5
"33133","Miami","FL","Miami-Fort Lauderdale-West Palm Beach","Miami-Dade County",147,,,,,,,,,,,,,,,,,,,,,,,,,,,,,,,,,,,,,,,,,,,,,,,,,,,,,,,,,,,,,,,,,,,,,,,,,,,,,,,,,,,,,,,2.25823591923486,2.31866825208086,2.41935483870968,2.68987449522292,2.7029313308604,2.61924535114642,2.57450965657173,2.57450965657173,2.57450965657173,2.53571428571429,2.57142857142857,2.65486725663717,2.48898740158236,2.65169859666389,2.73110270767174,2.44081034903588,2.78073926542089,2.74305773208801,2.66362252663623
"33193","Kendall West","FL","Miami-Fort Lauderdale-West Palm Beach","Miami-Dade County",148,,,,,,,,,,,,,,,,,,,,,,,,,,,,,,,,,,,,,,,,,,,,,,,,,,,,,,,,,,,,,,,,,,,,,,,,,1.11317254174397,1.16459627329193,1.10843373493976,1.13333333333333,1.13333333333333,1.0878164556962,1.07270019191083,1.08215946543862,1.10772833723653,1.10843373493976,1.07146166468705,1.10843373493976,1.14505018332654,1.17412494461675,1.16767166274644,1.16767865483419,1.16075541225242,1.16766467065868,1.16472545757072,1.12836438923395,1.12577639751553,1.13538988860326,1.10843373493976,1.15194733955019,1.16211504938989,1.12400992418127,1.12546125461255,1.13895216400911,1.16766467065868,1.17456896551724,1.18825722273998,1.20739116252519,1.16336870623262
"90069","West Hollywood","CA","Los Angeles-Long Beach-Anaheim","Los Angeles County",149,,,,,,,,,,,,,,,,,,,,,,,,,,,,,,,,,,,,,,,,,,,,,,,,,,,,,,,,,,,,,,,,,,,,,,,,,,,,,,,,,,,,,,,,,6.10055353602115,6.6030814380044,6.86676135712586,6.32022471910112,6.34473034896017,6.55226209048362,6.32022471910112,6.00713839262263,6.32051332262823,5.95682152141969,6.35808748728383,6.25,5.5956839068004,5.5484818805093,6.10482889606355,6.92193635446008,6.23564718162839
"94582","San Ramon","CA","San Francisco-Oakland-Hayward","Contra Costa County",150,,,,,,,,,,,,,,,,,,,,,,,,,,,,,,,,,,,,,,,,,,,,,,,,,,,,,,,,,,,,,,,,,,,,,,,,,1.55795596177815,1.5527950310559,1.66925465838509,1.71790235081374,1.7077045274027,1.67824074074074,1.69927909371782,1.6212909146528,1.6769579322261,1.64833149981665,1.68105406633348,1.64674361088211,1.67200284596229,1.69932027189124,1.64693446088795,1.67473769168684,1.72555464256368,1.81818181818182,1.71803941384538,1.6705069124424,1.64152617568767,1.6705069124424,1.70327207530255,1.71058721305815,1.662104028158,1.66597251145356,1.72070138083004,1.71821305841924,1.71821305841924,1.71790235081374,1.70430336599915,1.67735277712774,1.64734730271957
"89139","Las Vegas","NV","Las Vegas-Henderson-Paradise","Clark County",151,,,,,,,,,,,,,,,,,,,,,,,,,,,,,,,,,,,,,,,,,,,,,,,,,,,,,,,,,,,,,,,,,,,,,,,,,0.675122749590835,0.685351882160393,0.677996622379502,0.70097244732577,0.714651639344262,0.728105713015088,0.693051276375386,0.690265486725664,0.688769960535338,0.733992426469462,0.747292837454861,0.731207955542556,0.726474961197983,0.723898611949306,0.724200362100181,0.723173378345792,0.791556352252976,0.74220682830282,0.752190847127556,0.793650793650794,0.744658478589729,0.728450020234723,0.707129048068583,0.723898611949306,0.746538375298796,0.777479892761394,0.754204623737611,0.742325490366916,0.756715853197125,0.75942139322421,0.786165071939441,0.778445707800316,0.74845295304465
"77079","Houston","TX","Houston-The Woodlands-Sugar Land","Harris County",152,,,,,,,,,,,,,,,,,,,,,,,,,,,,,,,,,,,,,,,,,,,,,,,,,,,,,,,,,,,,,,,,,,,,,,,,,,,,,,,,,,,,,,,,1.18300787257257,1.14303778948248,1.22900450634986,1.22900450634986,1.1666229141088,1.16312881651643,1.18436636399526,1.14713665233336,1.14766641162969,1.16312881651643,1.20228434024647,1.16613182836733,1.15539761407306,1.08295818072888,1.15958034235229,1.14747131321717,1.16172106824926,1.13154172560113
"98006","Bellevue","WA","Seattle-Tacoma-Bellevue","King County",153,,,,,,,,,,,,,,,,,,,,,,,,,,,,,,,,,,,,,,,,,,,,,,,,,,,,,,,,,,,,,,,,,,,,,,,,,1.24193548387097,1.27358490566038,1.30597014925373,1.32213005603951,1.42713052858684,1.35170122991292,1.36618416110485,1.30548671796878,1.24193548387097,1.24203821656051,1.24137931034483,1.25052084929073,1.25523012552301,1.30268199233716,1.32990102171137,1.32286995515695,1.37049180327869,1.36725663716814,1.31649831649832,1.2975,1.27586206896552,1.29626666164621,1.26666666666667,1.24646892655367,1.25998877665544,1.2988202811245,1.35541641890237,1.36855982543339,1.39245283018868,1.36347285807717,1.35777167686503,1.32095680114245,1.28919860627178
"76227","Aubrey","TX","Dallas-Fort Worth-Arlington","Denton County",154,,,,,,,,,,,,,,,,,,,,,,,,,,,,,,,,,,,,,,,,,,,,,,,,,,,,,,,,,,,,,,,,,,,,,,,,,,,,,,,,,,,,,,0.770960488274976,0.833333333333333,0.816474769524294,0.851558864588181,0.850732500389987,0.854700854700855,0.824139751499362,0.87070091423596,0.86840832123851,0.875048975334826,0.989486703772418,0.878480925956795,0.85353004798727,0.862515787691414,0.84912656558998,0.862465501379945,0.873493975903614,0.82256169212691,0.880872483221476,0.879172252946763
"32092","Saint Augustine","FL","Jacksonville","Saint Johns County",155,,,,,,,,,,,,,,,,,,,,,,,,,,,,,,,,,,,,,,,,,,,,,,,,,,,,,,,,,,,,,,,,,,,,,,,,,0.82703213610586,0.814029940847989,0.83329122452417,0.82594727297415,0.819223107569721,0.833680700291788,0.833680700291788,0.84469863616366,0.833680700291788,0.833680700291788,0.832030784158294,0.819214735491896,0.826271186440678,0.825861255309108,0.818921084128026,0.833754421424962,0.834241231203163,0.856604482803229,0.857142857142857,0.872783572359844,0.861304883052934,0.855397148676171,0.861667442943642,0.832062264154216,0.833333333333333,0.854172515112384,0.861430921052632,0.871632329635499,0.879401688819147,0.893519376316153,0.91589720958653,0.915614236509759,0.915948275862069
"92591","Temecula","CA","Riverside-San Bernardino-Ontario","Riverside County",156,,,,,,,,,,,,,,,,,,,,,,,,,,,,,,,,,,,,,,,,,,,,,,,,,,,,,,,,,,,,,,,,,,,,,,,,,,0.93533368878071,0.967996027076233,0.963222416812609,0.961184920662077,0.986322517912068,1.00336316668695,1.00200460279893,0.988921435654285,1.0125250501002,1.00285343414101,0.981608914123559,1.00698100698101,1.0125250501002,1.07276119402985,1.07094051745252,1.06846925425207,1.03220478943022,0.989138867339022,0.962079242426063,0.982367758186398,0.982367758186398,1.00689162148916,0.997727272727273,0.980290148546289,1.01010101010101,1.0125250501002,1.02840352595495,1.04875880826649,1.06700810926163,1.0280759702725,1.04555838068631,1.06395744207162
"33029","Pembroke Pines","FL","Miami-Fort Lauderdale-West Palm Beach","Broward County",157,,0.97813988154829,0.973992692395894,0.973992692395894,0.991261349555533,0.984010451116982,1.02366391917043,1.03099248804528,1.02165273252266,1.03064742684174,1.01234567901235,1.02668568261781,1.00916416794331,1.00916416794331,1.0031919744642,1.01382488479263,1.01479915433404,1.06347623795281,1.10921501706485,1.08991825613079,1.06772422208664,1.04558762024258,1.02258201959949,1.02366391917043,1.02982954545455,1.03571428571429,1.05286738351254,1.08991825613079,1.08991825613079,1.0691535505106,1.06509997485151,1.07632093933464,1.06602186711522,1.05708245243129,1.07020112362104,1.06568616430741,1.03896103896104,1.04053687635575,1.03790613718412,1.04658642375765,1.076095311299,1.07991360691145,1.07536686787974,1.08063151031931,1.06524537045153,1.05590454095103,1.06524633821571,1.08985765124555,1.10893473795454,1.13204286208088,1.11409105351293,1.0924981791697,1.09217999126256,1.09289617486339,1.08775666229795,1.11448017997695,1.08932461873638,1.09289617486339,1.14804858965366,1.14986584898429,1.14986584898429,1.13359508708346,1.12347379879426,1.12258643915581,1.11040609137056,1.06518960374947,1.09217999126256,1.1384757463699,1.15403475114237,1.0448264239973,1.08289768483943,1.08732708771372,1.12023898431665,1.14275843782882,1.13760934703248,1.12624421209108,1.13586719091306,1.14273393704183,1.15870786516854,1.15185260532298,1.12554112554113,1.11564299424184,1.10416188052934,1.13205794312187,1.14968706319559,1.13018437469501,1.13697207678883,1.19699002863154,1.17931773530988,1.19828456104945,1.15445859872611,1.148095432921,1.16562242822512,1.18570673140327,1.19558553034948,1.19558553034948,1.15564237986746,1.17686837948454,1.22423795677819,1.18651124063281,1.16258121095469,1.19526181665318,1.19979919678715,1.19828456104945,1.17160105969818
"94531","Antioch","CA","San Francisco-Oakland-Hayward","Contra Costa County",158,,,,,,,,,,,,,,,,,,,,,,,,,,,,,,,,,,,,,,,,,,,,,,,,,,,,,,,,,,,,,,,,,,,,,,,,,,,,,,,1.10089869281046,1.08417377812258,1.07421875,1.07276119402985,1.05413685205932,1.01095197978096,1.15830115830116,1.03551251008878,1.04166666666667,1.10839626832519,1.16044090630741,1.09346476816356,1.15872321818977,1.13488546738419,1.0461215932914,1.1474609375,1.16044090630741,1.14393602843181,1.08269882092603,1.13095238095238,1.15067303517152,1.09670184645008,1.17878192534381,1.25,1.13765892152565,1.12336785231878,1.12336785231878
"32065","Orange Park","FL","Jacksonville","Clay County",159,,,,,,,,,,,,,,,,,,,,,,,,,,,,,,,,,,,,,,,,,,,,,,,,,,,,,,,,,,,,,,,,,,,,,,,,,0.715912788805727,0.725288705208213,0.725329695316053,0.705240174672489,0.716230936819172,0.712300176536581,0.731394804632502,0.723849372384937,0.721728714382632,0.750137920362029,0.748101770774769,0.746628131021195,0.747025121198766,0.75,0.752132914234396,0.757946210268949,0.753704736308774,0.761258317185946,0.781794425087108,0.77308362369338,0.750588535331738,0.755208333333333,0.753909909005754,0.758883248730964,0.76910929650297,0.757465647124473,0.760181618051734,0.777184722908144,0.7893549842129,0.778445318505671,0.782232704402516,0.786163522012579,0.773190411867158
"73012","Edmond","OK","Oklahoma City","Oklahoma County",160,,,,,,,,,,,,,,,,,,,,,,,,,,,,,,,,,,,,,,,,,,,,,,,,,,,,,,,,,,,,,,,,,,,,,,,,,,,,,,,,,,,,,,,,,0.78960396039604,0.836022666632785,0.82410143324839,0.833414129661948,0.825342259043821,0.825162519011023,0.807788959008471,0.807788959008471,0.846699100230174,0.817482760571432,0.780795632845188,0.818535093607817,0.848724601458926,0.853658536585366,0.850538599640934,0.814224640497474,0.802185163887292
"95835","Sacramento","CA","Sacramento--Roseville--Arden-Arcade","Sacramento County",161,,,,,,,,,,,,,,,,,,,,,,,,,,,,,,,,,,,,,,,,,,,,,,,,,,,,,,,,,,,,,,,,,,,,,,,,,,,,,,,,1.03862430340263,0.999472573839662,0.999472573839662,0.98876404494382,0.985090521831736,0.996423096576392,0.997304107271862,0.99911190053286,1.00717111422122,1.04400215067801,1.04924142394624,1.03795553561727,1.04662226450999,0.997048840718549,0.96984287268873,0.938639727102445,1.00130890052356,0.999444735986114,1.0023859039684,1.03911812700534,1.06331561140648,1.04100571872026,1.02223013025546,1.02040816326531,1.04364326375712,1.00182565038795
"77073","Houston","TX","Houston-The Woodlands-Sugar Land","Harris County",162,,,,,,,,,,,,,,,,,,,,,,,,,,,,,,,,,,,,,,,,,,,,,,,,,,,,,,,,,,,,,,,,,,,,,,,,0.745245291744604,0.720557851239669,0.731404693997641,0.721103667887876,0.720557851239669,0.737315010570824,0.733196871720915,0.717522658610272,0.700316486277542,0.740127443028306,0.741308793456033,0.771521386031402,0.771521386031402,0.756390193009911,0.749404761904762,0.755968169761273,0.734522560335782,0.733422896329507,0.763157894736842,0.762224719786476,0.763041065482797,0.758112313751411,0.760702298070149,0.760755508919203,0.767875125881168,0.763851282416058,0.767875125881168,0.767875125881168,0.757340394514838,0.767875125881168,0.771761133603239,0.777675836416438,0.767451630235146,0.76872625818447
"33071","Coral Springs","FL","Miami-Fort Lauderdale-West Palm Beach","Broward County",163,,,,,,,,,,,,,,,,,,,,,,,,,,,,,,,,,,,,,,,,,,,,,,,,,,,,,,,,,,,,,,,,,,,,,,,,,,,,,,,,,,,,,,,,,,,,1.08108108108108,1.09151973131822,1.09151973131822,1.0964429776311,1.05644002801819,1.05644002801819,1.06575963718821,1.05679117162676,1.06575963718821,1.09180204004533,1.10529377545084,1.10529377545084,1.09151973131822,1.07863968425321
"77389","The Woodlands","TX","Houston-The Woodlands-Sugar Land","Montgomery County",164,,,,,,,,,,,,,,,,,,,,,,,,,,,,,,,,,,,,,,0.883766398491753,0.871918220084185,0.910119341688012,0.970873786407767,0.941480874076735,0.928253163310521,0.913799118210294,0.901723292524754,0.909752547307133,0.884303610906411,0.892710362049785,0.915750915750916,0.906006637876635,0.923594961369968,0.95127268304457,0.943396226415094,0.954738330975955,0.948699929725931,0.926958826082803,0.895522388059702,0.875601434930319,0.868581942412035,0.872259284562162,0.875699661887335,0.865245664739884,0.883686429665978,0.909442724458204,0.898649347084917,0.874125874125874,0.867315885575167,0.87260034904014,0.848303393213573,0.842834474856451,0.792253521126761,0.810110174983798,0.853249715727875,0.848187579899438,0.837457175485344,0.837457175485344,0.844979448032883,0.868055684760041,0.884098498567439,0.865707032903889,0.85594436047852,0.853962832224855,0.860585197934596,0.882470918572002,0.871918220084185,0.871932592247256,0.865859284890427,0.864936793080506,0.88766452402816,0.888324873096447,0.871723590150913,0.861788709026501,0.861508452535761,0.855698171917542,0.805070229530661,0.805070229530661,0.845807890308677,0.876473029940378,0.930232558139535,0.917080626671762,0.897129186602871,0.906432748538012,0.868358011309948,0.851877607788595,0.841002856236115
"20007","Washington","DC","Washington-Arlington-Alexandria","District of Columbia",165,,,,,,,,,,,,,,,,,,,,,,,,,,,,,,,,,,,,,,,,,,,,,,,,,,,,,,,,,,,,,,,,,,,,,,,,,,,,,,,,,,,,,,,,2.77255639097744,2.9806259314456,2.89005077605755,3.125,3.09644670050761,3.28362573099415,3.06372549019608,3.03186274509804,3.06372549019608,2.71557486631016,2.47336377473364,2.47336377473364,2.80357142857143,2.85714285714286,2.98256497322711,3.22349570200573,3.09903748733536,3.22349570200573
"89135","Las Vegas","NV","Las Vegas-Henderson-Paradise","Clark County",166,,,,,,,,,,,,,,,,,,,,,,,,,,,,,,,,,,,,,,,,,,,,,,,,,,,,,,,,,,,,,,,,,,,,,,,,,0.866148890577684,0.871426392343211,0.885587844374627,0.881372081943783,0.947148855155456,0.928792569659443,0.991572005478935,0.895075694427906,0.927703134996801,0.923605999600287,0.855838721947509,0.881508815088151,0.889679715302491,0.875656742556918,0.92913526087841,0.922858495030762,0.889599264789308,0.971851297807696,0.928021170903464,0.930698284826825,1.00145273787032,1.02839587012376,1.01924233313289,1.00783651457358,0.998478644478966,0.966269025092555,1.03718115002162,1.01302460202605,1.03184233196629,1.03163686382393,1.0048886474742,0.997150997150997,0.954347826086957
"75033","Frisco","TX","Dallas-Fort Worth-Arlington","Collin County",167,,,,,,,,,,,,,,,,,,,,,,,,,,,,,,,,,,,,,,,,,,,,,,,,,,,,,,,,,,,,,,,,,,,,,,,,,,0.839793281653747,0.831702544031311,0.827529922845169,0.815450643776824,0.843627598674299,0.835488395902168,0.816869597183852,0.801709401709402,0.793966728848613,0.796359499431172,0.796812749003984,0.802005012531328,0.816327596836045,0.795813019787783,0.812660393498717,0.830309022591025,0.820589927472628,0.831533477321814,0.870093079724808,0.873315842361471,0.8552258411201,0.846367250041407,0.841188967548434,0.840336134453782,0.818240620957309,0.819964453590889,0.814225646761532,0.853224082650517,0.839493827527641,0.819672131147541,0.833275069988843,0.839793281653747
"34758","Poinciana","FL","Orlando-Kissimmee-Sanford","Osceola County",168,,,,,,,,,,,,,,,,,,,,,,,,,,,,,,,,,,,,,,,,,,,,,,,,,,,,,,,,,,,,,,,,,,,,,,,,,,,,,,,,,,,,0.616805666207684,0.639658848614073,0.671669875466292,0.637882018479033,0.693802035152636,0.693802035152636,0.699013693632656,0.667795334838224,0.657427149964463,0.669980063894599,0.667446894273561,0.688073394495413,0.688431072221127,0.681341719077568,0.713296398891967,0.689970713142942,0.704225352112676,0.72340727560164,0.702615485925444,0.702136573104315,0.687275963219286,0.736669265265848
"91789","Walnut","CA","Los Angeles-Long Beach-Anaheim","Los Angeles County",169,,,,,,,,,,,,,,,,,,,,,,,,,,,,,,,,,,,,,,,,,,,,,,,,,,,,,,,,,,,,,,,,,,,,,,,,,,1.37695951681056,1.37065637065637,1.33326494162335,1.3458162668227,1.36197440585009,1.39093977803655,1.46801051709027,1.44195179818151,1.36597703029988,1.37697504631143,1.39654871846422,1.39381652306133,1.39654871846422,1.41454355007655,1.3803271560267,1.35135135135135,1.42999204455052,1.44404332129964,1.46667172742743,1.46004098360656,1.44927536231884,1.3458162668227,1.39002452984464,1.39002452984464,1.41598489616111,1.41617343528348,1.40735502121641,1.45463696237634,1.46567695610253,1.39023623580719,1.51284115255071,1.54440154440154
"77493","Katy","TX","Houston-The Woodlands-Sugar Land","Harris County",170,,,,,,,,,,,,,,,,,,,,,,,,,,,,,,,,,,,,,,,,,,,,,,,,,,,,,,,,,,,,,,,,,,,,,,,,,0.742497695195764,0.755735601391242,0.752998667258996,0.750416675383725,0.749833493245761,0.758415504019878,0.749685856068835,0.740354219634761,0.748620961386919,0.73254423781184,0.772850678733032,0.895046591466405,0.823287339627209,0.895046591466405,0.895046591466405,0.895046591466405,0.895046591466405,0.885351667011661,0.895046591466405,0.822478991596639,0.818833162743091,0.813008130081301,0.875984251968504,0.895046591466405,0.895046591466405,0.895046591466405,0.895046591466405,0.895046591466405,0.895046591466405,0.858263854830799,0.837871805613741,0.814211695040711,0.813008130081301
"02840","Newport","RI","Providence-Warwick","Newport County",171,,,,,,,,,,,,,,,,,,,,,,,,,,,,,,,,,,,,,,,,,,,,,,,,,,,,,,,,,,,,,,,,,,,,,,,1.21115173674589,1.22712296326804,1.34615384615385,1.49253731343284,1.47435897435897,1.48156277436348,1.49554819562132,1.33770491803279,1.34835415777064,1.40900620460369,1.33333333333333,1.34892086330935,1.37931034482759,1.38888888888889,1.49424806154346,1.59267700904345,1.60343208166791,1.68,1.72651933701657,1.72149961744453,1.61870503597122,1.45765670056154,1.49354186802566,1.45454545454545,1.41442715700141,1.49328023892484,1.45866122090308,1.52777777777778,1.66666666666667,1.66906820365034,1.71240414975192,1.64119559596269,1.4985590778098,1.57142857142857,1.50602409638554
"91326","Los Angeles","CA","Los Angeles-Long Beach-Anaheim","Los Angeles County",172,,,,,,,,,,,,,,,,,,,,,,,,,,,,,,,,,,,,,,,,,,,,,,,,,,,,,,,,,,,,,,,,,,,,,,,,,,,,,,,,,,,,1.48817513153656,1.48670160658307,1.45790554414784,1.52224267672773,1.56599552572707,1.5946137491141,1.59955257270694,1.6522153191902,1.64702445474604,1.59044507962434,1.58836689038031,1.59108405990767,1.62488393686165,1.69545745361484,1.69806886286184,1.63298864401355,1.56690692572861,1.63151611619578,1.61488143908422,1.61488143908422,1.58939365730116,1.56690692572861
"33076","Parkland","FL","Miami-Fort Lauderdale-West Palm Beach","Broward County",173,,,,,,,,,,,,,,,,,,,,,,,,,,,,,,,,,,,,,,,,,,,,,,,,,,,,,,,,,,,,,,,,,,,,,,,,1.20703529643641,1.13096995273861,1.15902964959569,1.15222245954527,1.16708579266772,1.14942528735632,1.17320676676764,1.18917881811205,1.17983221387056,1.13174695298897,1.13579854959611,1.1421647738779,1.16063138347261,1.15405260332797,1.17258652094718,1.16063138347261,1.14481738426808,1.19265487432407,1.21243957394906,1.24244459368704,1.22799416860874,1.17855596728392,1.1890118901189,1.1890118901189,1.16628367077275,1.21819978440532,1.20969361218626,1.21355982348221,1.18598382749326,1.14838976703851,1.14633847430144,1.2249899959984,1.21983591882601,1.15974560419005
"02125","Boston","MA","Boston-Cambridge-Newton","Suffolk County",174,,,,,,,,,,,,,,,,,,,,,,,,,,,,,,,,,,,,,,,,,,,,,,,,,,,,,,,,,,,,,,,,,,,,,,,,,,,,,,,,,,2,2,2,2.07692307692308,2.07142857142857,2.13,2.30769230769231,2.33333333333333,2.35714285714286,2.33463035019455,2.09035580524345,2.05458221024259,2.08333333333333,2.08333333333333,2.25747406955461,2.25747406955461,2.29398148148148,2.38461538461538,2.42937853107345,2.42608036391205,2.41666666666667,2.28571428571429,2.27808326787117,2.27808326787117
"33156","Pinecrest","FL","Miami-Fort Lauderdale-West Palm Beach","Miami-Dade County",175,,,,,,,,,,,,,,,,,,,,,,,,,,,,,,,,,,,,,,,,,,,,,,,,,,,,,,,,,,,,,,,,,,,,,,,,,,,,,1.98418625726627,1.98355778136603,1.97170030155416,2.00741198270537,1.98892766622953,1.93154034229829,1.72532781228433,1.76678445229682,1.818856718634,1.93154034229829,1.923817137443,1.93154034229829,1.74466338259442,1.84765919404756,1.84275184275184,1.7504118616145,1.93154034229829,1.81823182290482,1.64333536214242,1.75859815695566,1.77873643625585,1.82149942963232,1.80572851805729,1.87185025197984,1.97989643618641,1.95620381773399,1.90534726490473,1.97044334975369,2.00741198270537
"89081","North Las Vegas","NV","Las Vegas-Henderson-Paradise","Clark County",176,,,,,,,0.619933237958989,0.615889281730351,0.598516949152542,0.561820378574305,0.56140350877193,0.560753456238615,0.59228650137741,0.592417061611374,0.59437166424066,0.617803365810452,0.60912233401149,0.591939546599496,0.586288660132838,0.588550026752274,0.583036384096024,0.584924131179638,0.582369877331692,0.591659597764422,0.585082930729768,0.57753164556962,0.5776955602537,0.590418264064842,0.587248322147651,0.561797752808989,0.579432288492926,0.574957410562181,0.562897699461576,0.564361967807795,0.597874224977856,0.578262888992104,0.574654262472239,0.564405393020122,0.575771533855366,0.577124868835257,0.580181297701701,0.579374555835219,0.57827353938757,0.574712643678161,0.571510626076967,0.594129276171648,0.578034682080925,0.586991508012601,0.582901554404145,0.582901554404145,0.59228650137741,0.602119460500963,0.586854460093897,0.586854460093897,0.583574438986648,0.594948031565199,0.596276643307647,0.602409638554217,0.591374979743964,0.599087054801303,0.585988212078725,0.606540084388186,0.608040731820679,0.610649731314118,0.59228650137741,0.59228650137741,0.602409638554217,0.599725872929466,0.602409638554217,0.607127482027965,0.602409638554217,0.593559974006176,0.608142493638677,0.608142493638677,0.617744103021676,0.633958103638368,0.66143034311699,0.659670164917541,0.653798256537983,0.671062697777932,0.653798256537983,0.637308592774942,0.628955696202532,0.632944915254237,0.655359522964327,0.687203791469194,0.653798256537983,0.67616505554754,0.71206628689798,0.688940092165899,0.677083333333333,0.694379934974454,0.703057314426003,0.696140693698095,0.694912051567464,0.724490062027074,0.688775510204082,0.688984881209503,0.670501024003588,0.676929565584142,0.745344906958713,0.772296960637768,0.785819367202308,0.785896200106109,0.772807794508415
"30045","Lawrenceville","GA","Atlanta-Sandy Springs-Roswell","Gwinnett County",177,,,,,,,,,,,,,,,,,,,,,,,,,,,,,,,,,,,,,,,,,,,,,,,,,,,,,,,,,,,,,,,,,,,,,,,,,0.624566129509959,0.654242664551943,0.664763966417393,0.66695932104185,0.660713365358372,0.660915934148959,0.664864818454912,0.663834851568348,0.641732283464567,0.671474358974359,0.672210934534286,0.666663846372078,0.673493526508504,0.669586729896799,0.673196143479162,0.696555542404498,0.713266162888329,0.730578265427443,0.715217391304348,0.693176879617558,0.701288855193328,0.700692041522491,0.691265723867719,0.690954773869347,0.684931506849315,0.684931506849315,0.703944987332609,0.696156586513053,0.713984962406015,0.737470167064439,0.784771857976278,0.762169086251067,0.762671719564188
"06824","Fairfield","CT","Bridgeport-Stamford-Norwalk","Fairfield County",178,,,,,,,,,,,,,,,,,,,,,,,,,,,,,,,,,,,,,,,,,,,,,,,,,,,,,,,,,,,,,,,,,,,,,,,,,,,,,,,,,,,,,,,1.39664804469274,1.56161272004543,1.66732051785014,1.56559723162516,1.56374372503351,1.56161272004543,1.65178571428571,1.56161272004543,1.34375,1.51617250673854,1.31943469101124,1.34831460674157,1.56161272004543,1.56161272004543,1.76874340021119,1.75688509021842,1.91382227802218,1.88205771643664,1.78887561597535
"11937","East Hampton","NY","New York-Newark-Jersey City","Suffolk County",179,,,,,,,,,,,,,,,,,,,,,,,,,,,,,,,,,,,,,,,,,,,,,,,,,,,,,,,,,,,,,,,,,,,,,,,,,18,18,15.2,14.9444444444444,14.8148148148148,14.6153846153846,13.1666666666667,12.5,13.6363636363636,14.9074074074074,12.6790663749088,13.2224599193469,12.7777777777778,12.6453488372093,11.6065974343311,11.5789473684211,10.9375,10.4602510460251,10.8333333333333,10.4602510460251,10.069280162217,10,10.3637566137566,10,10,10.1355978633064,10,10,10,10.476,10.2062019230769,10,9.25925925925926
"89141","Las Vegas","NV","Las Vegas-Henderson-Paradise","Clark County",180,,,,,,,,,,,,,,,,,,,,,,,,,,,,,,,,,,,,,,,,,,,,,,,,,,,,,,,,,,,,,,,,,,,,,,,,,0.690499057287259,0.71078431372549,0.708086785009862,0.704225352112676,0.722069013230019,0.713323623137091,0.7249373984097,0.744151319064211,0.750724637681159,0.728709610871292,0.707266661290371,0.70983533600356,0.742596519330125,0.738120267026557,0.735728346456693,0.773407202216067,0.783996299722479,0.750724637681159,0.738877118644068,0.750833128633423,0.769838136596921,0.772671817812119,0.742518527118283,0.772796441186212,0.786071726438699,0.800289611421591,0.853283442431664,0.838344125809436,0.808750657112027,0.817073170731707,0.853658536585366,0.833685961148615,0.805205669036066
"77041","Houston","TX","Houston-The Woodlands-Sugar Land","Harris County",181,,,,,,,,,,,,,,,,,,,,,,,,,,,,,,,,,,,,,,,,,,,,,,,,,,,,,,,,,,,,,,,,,,,,,,,,,0.868162599461662,0.826246239582805,0.867804454729534,0.871977665440205,0.899590666440307,0.894308943089431,0.88402515133806,0.891632373113855,0.892680014961217,0.866960907944515,0.818162884666704,0.856002166360876,0.85211134254876,0.854877989433438,0.93212945627709,0.934844192634561,0.927070457354759,0.928129462160876,0.908016919467301,0.907441077332439,0.891218872870249,0.89465952279091,0.890891401817592,0.898371701291409,0.885425487977736,0.896191187453323,0.914744902207948,0.925850879543891,0.925850879543891,0.959232613908873,0.962086554622497,0.957676861291319,0.96711968064566
"33579","Riverview","FL","Tampa-St. Petersburg-Clearwater","Hillsborough County",182,,,,,,,,,,,,0.680911680911681,0.678567573402418,0.670399225048287,0.719310603925989,0.711119320280754,0.704185520361991,0.709117404897141,0.700136612021858,0.708251196845959,0.708251196845959,0.740008554600536,0.715460275310564,0.715746421267894,0.704036858789013,0.707840376598593,0.70791819611956,0.71609098567818,0.715918703473037,0.687681330131453,0.699228351095423,0.699228351095423,0.687697645034871,0.698974836905871,0.699056370359658,0.691953571842349,0.682313229714707,0.679932683660725,0.681699003670687,0.685813392909636,0.698974836905871,0.707859848484849,0.71078431372549,0.701754385964912,0.699639799019499,0.682232346241458,0.699053077584533,0.703491401771756,0.701761200622279,0.685418425304414,0.69960647135986,0.707778957839228,0.736416021856976,0.751387245265286,0.729009552538964,0.726621735467565,0.730386586057109,0.729009552538964,0.746384297520661,0.748792270531401,0.741018285912867,0.740242261103634,0.748102391199176,0.738341968911917,0.752441560034226,0.751397179956507,0.758565522256353,0.734721082425888,0.746653737680657,0.73145553384524,0.758969641214351,0.708509243361479,0.748624692785753,0.729009552538964,0.767913550028033,0.768872320596458,0.79062159214831,0.781594453939143,0.777772651465442,0.761336515513127,0.74947743241217,0.789877300613497,0.781580807219404,0.766254042167202,0.757343606713595,0.768450932684509,0.774579734937444,0.776805251641138,0.835769980506823,0.779220779220779,0.780391952736642,0.798230834035383,0.810727620625335,0.805785123966942,0.774036406383585,0.789473684210526,0.783582089552239,0.769625448948179,0.822916666666667,0.803755928277169,0.83926834486649,0.869894099848714,0.847703668338955,0.838084431650695,0.838599902771026
"02119","Boston","MA","Boston-Cambridge-Newton","Suffolk County",183,,,,,,,,,,,,,,,,,,,,,,,,,,,,,,,,,,,,,,,,,,,,,,,,,,,,,,,,,,,,,,,,,,,,,,,,,2.33333333333333,2.33333333333333,2.30769230769231,2.3,2.3,2.28125,2.14285714285714,2.10714285714286,1.99642857142857,1.99642857142857,1.99642857142857,2.1093253968254,2.1875,2.36363636363636,2.44088482074752,2.45032051282051,2.43472812465947,2.26785714285714,2.25,2.13928571428571,2.16130952380952,2.06,1.925,1.76923076923077,1.875,2.08333333333333,2.3,2.35714285714286,2.35714285714286,2.35714285714286,2.33333333333333,2.1625,2.1625
"02143","Somerville","MA","Boston-Cambridge-Newton","Middlesex County",184,,,,,,,,,,,,,,,,,,,,,,,,,,,,,,,,,,,,,,,,,,,,,,,,,,,,,,,,,,,,,,,,,,,,,,,,,,,,,,,,,,,,,,,,,3.00892857142857,2.92857142857143,2.69327763215378,2.5,2.4875,2.27038561960233,2.33333333333333,2.33333333333333,2.375,2.44648318042813,2.71428571428571,2.88333333333333,2.92857142857143,2.92857142857143,2.81818181818182,2.60384615384615,2.53012820512821
"02145","Somerville","MA","Boston-Cambridge-Newton","Middlesex County",185,,,,,,,,,,,,,,,,,,,,,,,,,,,,,,,,,,,,,,,,,,,,,,,,,,,,,,,,,,,,,,,,,,,,,,,,,,,,,,,,,,,,,,,2.82692307692308,2.875,2.85416666666667,2.75769230769231,2.7484375,2.6885775862069,2.609375,2.59375,2.57142857142857,2.57142857142857,2.496875,2.57142857142857,2.57142857142857,2.72727272727273,2.64285714285714,2.57142857142857,2.57741935483871,2.56222547584187,2.53461538461538
"32832","Orlando","FL","Orlando-Kissimmee-Sanford","Orange County",186,,,,,,,,,,,,,,,,,,,,,,,,,,,,,,,,,,,,,,,,,,,,,,,,,,,,,,,,,,,,,,,,,,,,,,,,,,,0.825,0.837567109030417,0.852483098502559,0.826052735143644,0.82550786635817,0.835181020166723,0.828893186654147,0.880503144654088,0.921052631578947,0.883527994275205,0.876855415063222,0.894736842105263,0.869332961724266,0.882145377558222,0.885872680692016,0.903774587985114,0.895,0.898684851436922,0.928767123287671,0.901179131809434,0.933280381254964,0.953137410643368,0.913356504468719,0.938486152488138,0.942872117400419,0.932475884244373,0.966836734693878,0.949733772819473,0.96881390593047,0.951949229374433,0.932632398753894
"32221","Jacksonville","FL","Jacksonville","Duval County",187,,,,,,,,,,,,,,,,,,,,,,,,,,,,,,,,,,,,,,,,,,,,,,,,,,,,,,,,,,,,,,,,,,,,,,,,,,,,,,,,,,,,,,,,,,,,,,0.760286225402504,0.737924865831843,0.736196574782797,0.761582989301028,0.790106807359919,0.764217508296219,0.812912346842601,0.766090297790586,0.760224718796511,0.781979651960294,0.774155104381111,0.767409725055883
"33570","Ruskin","FL","Tampa-St. Petersburg-Clearwater","Hillsborough County",188,,,,,,,,,,,,,,,,,,,,,,,,,,,,,,,,,,,,,,,,,,,,,,,,,,,,,,,,,,,,,,,,,,,,,,,,,,,,,,,,,,,,,,,,,,,,0.762631077216397,0.831653225806452,0.821074411102112,0.780415687740282,0.771015987622486,0.745473908413205,0.774586597040905,0.771743326985872,0.825622876041636,0.820790216368768,0.825545171339564,0.813669650122051,0.830478354180107,0.83994053518335
"02144","Somerville","MA","Boston-Cambridge-Newton","Middlesex County",189,,,,,,,,,,,,,,,,,,,,,,,,,,,,,,,,,,,,,,,,,,,,,,,,,,,,,,,,,,,,,,,,,,,,,,,,1.6,1.88235294117647,2.0911528150134,2.0952380952381,2.2,2.2,2.33333333333333,2.4,2.25,2.02239532619279,1.94444444444444,2,2,2.10526315789474,2.25806451612903,2.44444444444444,2.5,2.5,2.39130434782609,2.45310245310245,2.28813766170369,2.10882352941176,2.07964601769911,1.98019801980198,2.15384615384615,2.47655122655123,2.42857142857143,2.84588441330998,2.80210157618214,2.76923076923077,2.71428571428571,2.53333333333333,2.10555555555556,2.0710530443136
"75078","Prosper","TX","Dallas-Fort Worth-Arlington","Collin County",190,,,,,,,,,,,,,,,,,,,,,,,,,,,,,,,,,,,,,,,,,,,,,,,,,,,,,,,,,,,,,,,,,,,,,,,,,,,,,,,,,,,,,,,,,,0.921295077652014,0.921295077652014,0.912948146080431,0.885660850622863,0.919831212295395,0.901125184883304,0.928196147110333,0.907858582234331,0.922686123496825,0.935203740814963,1.0056967572305,0.977104122753371,0.895397153351699,0.935265780674954,1.0217681030653,1.01645565698044
"06830","Greenwich","CT","Bridgeport-Stamford-Norwalk","Fairfield County",191,,,,,,,,,,,,,,,,,,,,,,,,,,,,,,,,,,,,,,,,,,,,,,,,,,,,,,,,,,,,,,,,,,,,,,,,,,,,,,,,,,,,,2.35774325727597,2.44633050424363,2.45671788370076,2.37229437229437,2.5562426226938,2.32681121099947,2.29602390255114,2.6578073089701,2.82858404025117,2.72388173340095,2.60070598006645,2.37406298395111,2.51767993642786,2.75705502360178,2.56920121398642,2.61714842099069,2.6578073089701,2.62582056892779,2.5802752293578,2.5802752293578,2.57648953301127
"33596","Valrico","FL","Tampa-St. Petersburg-Clearwater","Hillsborough County",192,,,,,,,,,,,,,,,,,,,,,,,,,,,,,,,,,,,,,,,,,,,,,,,,,,,,,,,,,,,,,,,,,,,,,,,,,0.842319891255097,0.822086616113675,0.845201128055553,0.860189046994807,0.859272249013591,0.885317334980475,0.876669009135629,0.867197980995724,0.857461816744653,0.845615327929256,0.829256360078278,0.823250941629868,0.825720309205903,0.846153846153846,0.859549157794772,0.874950644222776,0.897382642492215,0.905708099043684,0.864485981308411,0.891706975650257,0.886941538938087,0.878180039138943,0.868734897713066,0.897539617711955,0.873642486545712,0.887949260042283,0.907628676470588,0.921658986175115,0.902928977534404,0.893536121673004,0.913149350649351,0.909942550972344,0.92051282051282
"02140","Cambridge","MA","Boston-Cambridge-Newton","Middlesex County",193,,,,,,,,,,,,,,,,,,,,,,,,,,,,,,,,,,,,,,,,,,,,,,,,,,,,,,,,,,,,,,,,,,,,,,,,,,,,,,,,,,,,,2.76177939173854,2.8125,2.8125,2.81801470588235,2.81801470588235,3.03571428571429,2.94806309251389,2.4375,2.4375,2.55882352941176,2.44117647058824,2.44117647058824,2.7124773960217,2.78125,3.06330837304289,3.07692307692308,3.20714285714286,3.31820760068066,3.19230769230769,3.02927161334241,3.13803147223483
"33547","Riverview","FL","Tampa-St. Petersburg-Clearwater","Hillsborough County",194,,,,,,,,,,,,,,,,,,,,,,,,,,,,,,,,,,,,,,,,,,,,,,,,,,,,,,,,,,,,,,,,,,,,,,,,,0.884615087384418,0.909090909090909,0.902602854743913,0.913899867292095,0.907911802853437,0.925857473287628,0.935912465806956,0.893521965748325,0.877581120943953,0.87175513366912,0.866122265086025,0.897263346792284,0.924784537085413,0.917134225291325,0.902837489251935,0.923593618807725,0.917190775681342,0.93984962406015,0.968409176382099,0.927672955974843,0.907354345749761,0.883866225652334,0.90877914951989,0.924398625429553,0.906474820143885,0.894066109119873,0.910947747547722,0.938250049627344,0.935181569699336,0.932630973543867,0.940817486465137,0.959208300159236,0.90293453724605
"33569","Riverview","FL","Tampa-St. Petersburg-Clearwater","Hillsborough County",195,,,,,,,,,,,,,,,,,,,,,,,,,,,,,,,,,,,,,,,,,,,,,,,,,,,,,,,,,,,,,,,,,,,,,,,,,,0.774403854127508,0.73751257123701,0.746073298429319,0.780372373621802,0.755011135857461,0.763888888888889,0.789372210726823,0.789687717291118,0.759162303664921,0.766666666666667,0.770246478873239,0.777420336428349,0.79024186822352,0.840921687532603,0.825171400587659,0.833731485905399,0.829746532759445,0.826035961408016,0.830794554394034,0.873940677966102,0.824607329842932,0.818198800745664,0.824574121058354,0.839397089397089,0.836623889437315,0.833731485905399,0.86781230155142,0.833731485905399,0.856849666495639,0.84089823220258,0.859101514430011,0.827769998271848
"95377","Tracy","CA","Stockton-Lodi","San Joaquin County",196,,,,,,,,,,,,,,,,,,,,,,,,,,,,,,,,,,,,,,,,,,,,,,,,,,,,,,,,,,,,,,,,,,,,,,,,,,,,,,,,,,,,,,1.01415094339623,1.02625298329356,1.03063603063603,1.04166666666667,1.03166913407877,0.988467874794069,1.02631699301567,1.02995008319468,0.995024875621891,0.996672212978369,0.991646461276845,0.996672212978369,1.00418410041841,1.04471539036469,1.07073478479664,1.06157112526539,1.04046663497293,1.04109303295786,1.03161397670549,1.02128530495293
"33028","Pembroke Pines","FL","Miami-Fort Lauderdale-West Palm Beach","Broward County",197,,,,,,,,,,,,,,,,,,,,,,,,,,,,,,,,,,,,,,,,,,,,,,,,,,,,,,,,,,,,,,,,,,,,,,,,,,,,,,,,,,,,,,,,,1.11351068018055,1.20092378752887,1.24513618677043,1.19629317607414,1.1973715651135,1.17944397641112,1.20904812039388,1.18333333333333,1.17590206185567,1.16640746500778,1.23747790218032,1.22862477372293,1.2051812104152,1.18146516522176,1.22024544130374,1.18670886075949,1.20330459770115
"94506","Danville","CA","San Francisco-Oakland-Hayward","Contra Costa County",198,,,,,,,,,,,,,,,,,,,,,,,,,,,,,,,,,,,,,,,,,,,,,,,,,,,,,,,,,,,,,,,,,,,,,,,,,,,,,,,,,,,,,,,,1.66821130676552,1.66939287495369,1.76088971269694,1.72461752433936,1.69334588826114,1.6453809972675,1.59090909090909,1.65909884736291,1.60456151622229,1.64134214425631,1.77161862527716,1.69154228855721,1.81669394435352,1.85820468839337,1.63995527394707,1.5193842645382,1.67112299465241,1.69755946864381
"02445","Brookline","MA","Boston-Cambridge-Newton","Norfolk County",199,,,,,,,,,,,,,,,,,,,,,,,,,,,,,,,,,,,,,,,,,,,,,,,,,,,,,,,,,,,,,,,,,,,,,,,,,,,,,,,,,,,,,,,,,,,,2.58116883116883,2.57142857142857,2.55397727272727,2.359375,2.62123197903014,2.63392857142857,2.71354166666667,2.69397993311037,2.71875,2.66666666666667,2.64285714285714,2.64285714285714,2.64285714285714,2.60714285714286
"33185","Kendall West","FL","Miami-Fort Lauderdale-West Palm Beach","Miami-Dade County",200,,,,,,,,,,,,,,,,,,,,,,,,,,,,,,,,,,,,,,,,,,,,,,,,,,,,,,,,,,,,,,,,,,,,,1.17359413202934,1.21784629523909,1.13505517554472,1.098668756436,1.1931639179601,1.14770459081836,1.13149065503562,1.11827956989247,1.11253744116389,1.11253744116389,1.12800846669382,1.09313511149978,1.14770459081836,1.15416323165705,1.15342892121775,1.11827956989247,1.15342892121775,1.14972582798259,1.15018074268814,1.17359413202934,1.15416323165705,1.17688361204142,1.17359413202934,1.18265141628623,1.20074177097821,1.20618248580334,1.17071431659859,1.16006031882809,1.16760514682275,1.23246525478303,1.20950888192267,1.18043844856661,1.1402027027027,1.1654501216545,1.12441314553991,1.14344105512584,1.13314447592068
"92532","Lake Elsinore","CA","Riverside-San Bernardino-Ontario","Riverside County",201,,,,,,,,,,,,,,,,,,,,,,,,,,,,,,,,,,,,,,,,,,,,,,,,,,,,,,,,,,,,,,,,,,,,,,,,,,,,,,,,,,,,,,,,,,,0.824468085106383,0.871559633027523,0.871559633027523,0.848906320398407,0.814169139465875,0.824468085106383,0.838349097162511,0.862886878017178,0.844447938617707,0.850546780072904,0.866451859133662,0.849795640326976,0.831408591134447,0.829046041158005,0.831408591134447
"11946","Hampton Bays","NY","New York-Newark-Jersey City","Suffolk County",202,,,,,,,,,,,,,,,,,,,,,,,,,,,,,,,,,,,,,,,,,,,,,,,,,,,,,,,,,,,,,,,,,,,,,,,,,,,,,,,,,,,,8.98989898989899,8.76261285183218,8.76261285183218,8.03439703756159,8.22379097695553,8.00320256204964,7.69230769230769,7.69230769230769,8.0450522928399,7.69230769230769,6.57903278156443,6.98051948051948,6.99888017917133,7.32142857142857,7.57575757575758,7.79172247782113,7.86793265836866,7.12957222566646,7.25125695931477,7.38724820656057,7.5,7.31528895391368
"11968","Southampton","NY","New York-Newark-Jersey City","Suffolk County",203,,,,,,,,,,,,,,,,,,,,,,,,,,,,,,,,,,,,,,,,,,,,,,,,,,,,,,,,,,,,,,,,,,,,,,,,,,,,,,,,,,,,13.8388534828544,13.063496614242,13.2450331125828,12.89508413065,12.5733445096396,12,12,12.0740576760058,12.2770092049308,12,12.1293800539084,12.3711340206186,12.1457489878543,12,12.0646900269542,12.5,12,12.443854069994,11.9565217391304,11.9047619047619,11.3164743885814,10.7958050586058
"33327","Weston","FL","Miami-Fort Lauderdale-West Palm Beach","Broward County",204,,,,,,,,,,,,,,,,,,,,,,,,,,,,,,,,,,,,,,,,,,,,,,,,,,,,,,,,,,,,,,,,,,,,,,,,,,,,1.3317573402418,1.33260725732306,1.35052341055631,1.36768897982618,1.32412204951065,1.30111524163569,1.28676470588235,1.29522545298568,1.28676470588235,1.29522545298568,1.30111524163569,1.30934664478328,1.33240815775257,1.38169257340242,1.37763371150729,1.37392600342494,1.33981631550513,1.34615384615385,1.38833333333333,1.35062128579146,1.34615384615385,1.34362348178138,1.34615384615385,1.34109311740891,1.31568420669843,1.34045471645702,1.33909287257019,1.34109311740891,1.34585720160019,1.34585720160019
"11963","Sag Harbor","NY","New York-Newark-Jersey City","Suffolk County",205,,,,,,,,,,,,,,,,,,,,,,,,,,,,,,,,,,,,,,,,,,,,,,,,,,,,,,,,,,,,,,,,,,,,,,15.4584942084942,17.8001900939909,16.3461538461538,18,16.6446291399068,16,16.1130391670798,15.7142857142857,15.106490872211,14.8398398398398,13.6931818181818,14.5454759162181,16.6666666666667,15,15.1057401812689,14.5873320537428,14.1471301535974,13.2890365448505,13.4408602150538,12,12,11.8043844856661,11.1111111111111,11.6686114352392,12.4390902839179,11.9022668826681,12.5989920806335,12.881064834693,12.3433048433048,12,11.9795352880418,12.5672043010753,12.1359223300971,11.1930094300943,11.0319076714189,10.5170902716915
"95391","Tracy","CA","Stockton-Lodi","San Joaquin County",206,,,,,,,,,,,,,,,,,,,,,,,,,,,,,,,,,,,,,,,,,,,,,,,,,,,,,,,,,,,,,,,,,,,,,,,,,,,,,0.982791304980244,0.9984375,1.04019199826722,1.03730404409939,1.04390696025789,1.04871989640005,1.00539906693517,1.00189035916824,1.04083266613291,1.04341330157471,1.02272459127964,1.02885595107445,1.01984187969101,1.02520290474156,0.981467473524962,1.02283021323511,1.01414022133369,1.01197977369054,1.00384451089278,1.00422930242626,1.022573778787,0.994841562269713,1.01467023539484,1.05064335771343,1.04039167686659,1.05830670926518,1.06424911312574,1.05189988994066,1.04947526236882
"81611","Aspen","CO","Glenwood Springs","Pitkin County",207,,,,,,,,,,,,,,,,,,,,,,,,,,,,,,,,,,,,,,,,,,,,,,,,,,,,,,,,,,,,,,,,,,,,,,,,,,,,9.60746637386769,9.32183640177115,10.1135215949951,9.81461286804798,10.1135215949951,10.183299389002,10.9090909090909,10.9475418840978,12.0086715274434,12.0086715274434,11.3250912505208,11.497043944006,10.9475418840978,10.4998126345541,11.1067688846421,10.2585145670907,11.4226375908619,11.4356119118677,10.9090909090909,11.2043152249833,11.2043152249833,10.9475418840978,11.2043152249833,11.4295762264814,11.2043152249833,10.9090909090909,11.2023898431665,10.9859928591046,11.4068441064639,11.8762979101799
"91708","Chino","CA","Riverside-San Bernardino-Ontario","San Bernardino County",208,,,,,,,,,,,,,,,,,,,,,,,,,,,,,,,,,,,,,,,,,,,,,,,,,,,,,,,,,,,,,,,,,,,,,,,,,,,,,,,,,,,,,,,,,,,,1.30735076467686,1.31157011918054,1.24133281972265,1.43850806451613,1.41628833317497,1.41040746195385,1.41580756013746,1.44677877565982,1.46421370967742,1.46421370967742,1.46421370967742,1.46421370967742,1.49089194619705,1.48941532258065
"11954","Montauk","NY","New York-Newark-Jersey City","Suffolk County",209,,,,,,,,,,,,,,,,,,,,,,,,,,,,,,,,,,,,,,,,,,,,,,,,,,,,,,,,,,,,,,,,,,,,,,,,,,,,,,,,,,13.3333333333333,12,12,12,12,11.0114638447972,11.6666666666667,11.2818181818182,11.1111111111111,11.0555555555556,11.1555555555556,11.1555555555556,11.7647058823529,11.2373737373737,11.2373737373737,11.5789473684211,11.6666666666667,11.1111111111111,11.2916666666667,11.2701612903226,11.0183333333333,11.6665,11.4285714285714,11
"11978","Westhampton Beach","NY","New York-Newark-Jersey City","Suffolk County",210,,,,,,,,,,,,,,,,,,,,,,,,,,,,,,,,,,,,,,,,,,,,,,,,,,,,,,,,,,,,,,,,,,,,,,,,,,,,,,,,,,12.7877237851662,12.7877237851662,13.5327576103139,12.5,14,12.3263861518816,13.2978723404255,11.7575039494471,11.6666666666667,13.2278835386338,12.9454112780947,12.4598091858849,12.4325928865311,12.2189638318671,11.9428152492669,13.1578947368421,13.9439778088868,13.8461538461538,12.3515803503427,12.4381188118812,12.3762376237624,11.8962264150943,11.7833559319437,11.4426295168494
"11976","Water Mill","NY","New York-Newark-Jersey City","Suffolk County",211,,,,,,,,,,,,,,,,,,,,,,,,,,,,,,,,,,,,,,,,,,,,,,,,,,,,,,,15.96,15.625,15.625,17.45,18.3578431372549,20.15625,20.8333333333333,19,21.3675213675214,19.3684210526316,19.329619921363,16.6666666666667,16.6666666666667,14.6445661764706,16.6666666666667,17.25,16.9583333333333,18.8117283950617,17.2013293310463,17.5219298245614,17.5219298245614,16.6666666666667,18.3333333333333,18.3333333333333,16.6666666666667,16.6666666666667,16.6666666666667,17.9766606822262,15.6209852710035,16.0211707944677,15.5060852860918,15.6805688148467,15.357145920025,15.8333333333333,14.4949494949495,13.3676092544987,13.5456527516775,13.9353400222965,14.0498770635757,14.306356875774,14.4654717241081,14.3898763424205,14.4741074300418,14.3712751519443,14.4300144300144,13.3297796730633,13.2378472222222,12.5209030100334,12.6994744386049,12.4022702104097,12.5205059409736
"11977","Westhampton","NY","New York-Newark-Jersey City","Suffolk County",212,,,,,,,,,,,,,,,,,,,,,,,,,,,,,,,,,,,,,,,,,,,,,,,,,,,,,,,,,,,,,,,,,,,,,,,,,,,,,,,,,,,10.3986135181976,11.3636363636364,9.92957746478873,10.6820049301561,10,9,8.16666666666667,8.4,8.46829268292683,8.03571428571429,7.93939393939394,8.43407365757661,8.49084461637653,8.56829268292683,8.50398545401117,8.47138554216867,8.67553499132447,9.4706726523403,9.82709868817503,9.6,9.68599348534202,9.80392156862745,8.984375
"11930","Amagansett","NY","New York-Newark-Jersey City","Suffolk County",213,,,,,,,,,,,,,,,,,,,,,,,,,,,,,,,,,,,,,,,,,,,,,,,,,,,,,,,,,,,,,,,,,,,,,,,,,,,,,,,,,,,,,,,,,,,,,15.9166666666667,16.839447102605,17.7777777777778,16,15.1923076923077,16,14.4261904761905,15.8331666666667,15.7699031413613,15.5200698080279,14.9222222222222,13.3333333333333,13.8675213675214
"11959","Quogue","NY","New York-Newark-Jersey City","Suffolk County",214,,,,,,,,,,,,,,,,,,,,,,,,,,,,,,,,,,,,,,,,,,,,,,,,,,,,,,,,,,,,,,,,,,,,,,,,,,,16.6666666666667,15.4547206923906,14.5714285714286,12.8501367721766,11.6666666666667,11.6666666666667,11.3238164958516,11.9333365387535,11.6790075344245,12.1753246753247,10.1255766273706,9.97949619214997,11.6025641025641,11.2683408577878,9.79636071684188,9.28205128205128,8.66666666666667,8.18452380952381,8.18452380952381,9.17125010182978,9.09007532166217,10.2284350494374,10,10,10.3448275862069,10.6631477927063,10.7161892809686,10.5696691344484,10.2284350494374,9.67296176877015,10
"11932","Bridgehampton","NY","New York-Newark-Jersey City","Suffolk County",215,,,,,,,,,,,,,,,,,,,,,,,,,,,,,,,,,,,,,,,,,,,,,,,,,,,,,,,,,,,,,,,,,,,,,,,,,,21.8514104092173,19.5707070707071,18.5714285714286,19.281045751634,19.4444444444444,16.0714285714286,15.625,15.625,18.1818181818182,16.6666666666667,17.5,17.0289855072464,16.6666666666667,16.6666666666667,17.8571428571429,17.1135698014969,17.5,16.6666666666667,15.7670454545455,15.1034063260341,14.8950729927007,14.5833333333333,15.9545454545455,16,15,14.5454545454545,15.1785714285714,15.7142857142857,15.625,15,14.7058823529412,14.1090710056227
"11964","Shelter Island","NY","New York-Newark-Jersey City","Suffolk County",216,,,,,,,,,,,,,,,,,,,,,,,,,,,,,,,,,,,,,,,,,,,,,,,,,,,,,,,,,,,,,,,,,,,,,,,,,,,,,,,,9.41259351202657,8.25309491059147,8.91042518302963,8.68485344853588,8.51197982345523,8.98692810457516,9.24548290365647,9.21633218149825,9.4228504122497,8.58607413597565,8.8116458704694,8.41122229995834,8.37750484809308,8.58607413597565,9.09090909090909,8.24499411071849,8.22440717177559,8.24499411071849,8.2001329787234,8.2001329787234,8.5394581861013,8.63636363636364,8.62197928653625,8.37988826815642,7.79741435915894,7.07013574660633
